#X_val f(x)  k_val   FT(f(x))
-50.000000 -0.005247 0.000000  1.237739
-49.902248 -0.007120 0.062779  1.268767
-49.804497 -0.008932 0.125557  1.237413
-49.706745 -0.010665 0.188336  1.269101
-49.608993 -0.012303 0.251115  1.236386
-49.511241 -0.013830 0.313893  1.269874
-49.413490 -0.015231 0.376672  1.234488
-49.315738 -0.016491 0.439450  1.271348
-49.217986 -0.017599 0.502229  1.231317
-49.120235 -0.018543 0.565008  1.274142
-49.022483 -0.019313 0.627786  1.225895
-48.924731 -0.019901 0.690565  1.279885
-48.826979 -0.020302 0.753344  1.215303
-48.729228 -0.020509 0.816122  1.294385
-48.631476 -0.020522 0.878901  1.185895
-48.533724 -0.020338 0.941679  1.361237
-48.435973 -0.019959 1.004458  0.534300
-48.338221 -0.019387 1.067237  -0.105051
-48.240469 -0.018628 1.130015  0.055493
-48.142717 -0.017687 1.192794  -0.036732
-48.044966 -0.016573 1.255573  0.027007
-47.947214 -0.015296 1.318351  -0.021100
-47.849462 -0.013868 1.381130  0.017151
-47.751711 -0.012301 1.443909  -0.014335
-47.653959 -0.010610 1.506687  0.012232
-47.556207 -0.008810 1.569466  -0.010606
-47.458456 -0.006919 1.632244  0.009314
-47.360704 -0.004954 1.695023  -0.008266
-47.262952 -0.002933 1.757802  0.007400
-47.165200 -0.000876 1.820580  -0.006674
-47.067449 0.001199 1.883359  0.006057
-46.969697 0.003270 1.946138  -0.005528
-46.871945 0.005318 2.008916  0.005069
-46.774194 0.007325 2.071695  -0.004669
-46.676442 0.009269 2.134474  0.004316
-46.578690 0.011134 2.197252  -0.004004
-46.480938 0.012899 2.260031  0.003726
-46.383187 0.014549 2.322809  -0.003477
-46.285435 0.016066 2.385588  0.003254
-46.187683 0.017436 2.448367  -0.003051
-46.089932 0.018645 2.511145  0.002868
-45.992180 0.019680 2.573924  -0.002701
-45.894428 0.020532 2.636703  0.002549
-45.796676 0.021191 2.699481  -0.002409
-45.698925 0.021650 2.762260  0.002281
-45.601173 0.021904 2.825038  -0.002162
-45.503421 0.021949 2.887817  0.002053
-45.405670 0.021785 2.950596  -0.001952
-45.307918 0.021411 3.013374  0.001858
-45.210166 0.020831 3.076153  -0.001771
-45.112414 0.020049 3.138932  0.001690
-45.014663 0.019072 3.201710  -0.001614
-44.916911 0.017908 3.264489  0.001543
-44.819159 0.016568 3.327268  -0.001477
-44.721408 0.015063 3.390046  0.001415
-44.623656 0.013407 3.452825  -0.001356
-44.525904 0.011616 3.515603  0.001301
-44.428152 0.009706 3.578382  -0.001250
-44.330401 0.007695 3.641161  0.001201
-44.232649 0.005601 3.703939  -0.001155
-44.134897 0.003444 3.766718  0.001111
-44.037146 0.001245 3.829497  -0.001070
-43.939394 -0.000976 3.892275  0.001031
-43.841642 -0.003198 3.955054  -0.000994
-43.743891 -0.005399 4.017832  0.000959
-43.646139 -0.007558 4.080611  -0.000925
-43.548387 -0.009654 4.143390  0.000894
-43.450635 -0.011668 4.206168  -0.000863
-43.352884 -0.013579 4.268947  0.000835
-43.255132 -0.015368 4.331726  -0.000807
-43.157380 -0.017019 4.394504  0.000781
-43.059629 -0.018514 4.457283  -0.000756
-42.961877 -0.019839 4.520062  0.000732
-42.864125 -0.020980 4.582840  -0.000709
-42.766373 -0.021926 4.645619  0.000687
-42.668622 -0.022666 4.708397  -0.000666
-42.570870 -0.023193 4.771176  0.000646
-42.473118 -0.023500 4.833955  -0.000627
-42.375367 -0.023583 4.896733  0.000608
-42.277615 -0.023441 4.959512  -0.000591
-42.179863 -0.023075 5.022291  0.000574
-42.082111 -0.022486 5.085069  -0.000557
-41.984360 -0.021678 5.147848  0.000541
-41.886608 -0.020660 5.210627  -0.000526
-41.788856 -0.019439 5.273405  0.000512
-41.691105 -0.018026 5.336184  -0.000498
-41.593353 -0.016435 5.398962  0.000484
-41.495601 -0.014678 5.461741  -0.000471
-41.397849 -0.012773 5.524520  0.000458
-41.300098 -0.010736 5.587298  -0.000446
-41.202346 -0.008587 5.650077  0.000435
-41.104594 -0.006346 5.712856  -0.000423
-41.006843 -0.004033 5.775634  0.000412
-40.909091 -0.001670 5.838413  -0.000402
-40.811339 0.000719 5.901191  0.000392
-40.713587 0.003114 5.963970  -0.000382
-40.615836 0.005490 6.026749  0.000372
-40.518084 0.007825 6.089527  -0.000363
-40.420332 0.010096 6.152306  0.000354
-40.322581 0.012282 6.215085  -0.000345
-40.224829 0.014361 6.277863  0.000337
-40.127077 0.016313 6.340642  -0.000329
-40.029326 0.018118 6.403421  0.000321
-39.931574 0.019758 6.466199  -0.000313
-39.833822 0.021217 6.528978  0.000306
-39.736070 0.022481 6.591756  -0.000298
-39.638319 0.023535 6.654535  0.000291
-39.540567 0.024370 6.717314  -0.000285
-39.442815 0.024975 6.780092  0.000278
-39.345064 0.025344 6.842871  -0.000272
-39.247312 0.025473 6.905650  0.000265
-39.149560 0.025358 6.968428  -0.000259
-39.051808 0.025000 7.031207  0.000254
-38.954057 0.024401 7.093986  -0.000248
-38.856305 0.023566 7.156764  0.000242
-38.758553 0.022500 7.219543  -0.000237
-38.660802 0.021214 7.282321  0.000232
-38.563050 0.019719 7.345100  -0.000226
-38.465298 0.018026 7.407879  0.000221
-38.367546 0.016153 7.470657  -0.000217
-38.269795 0.014116 7.533436  0.000212
-38.172043 0.011933 7.596215  -0.000207
-38.074291 0.009624 7.658993  0.000203
-37.976540 0.007212 7.721772  -0.000198
-37.878788 0.004718 7.784550  0.000194
-37.781036 0.002166 7.847329  -0.000190
-37.683284 -0.000420 7.910108  0.000186
-37.585533 -0.003015 7.972886  -0.000182
-37.487781 -0.005595 8.035665  0.000178
-37.390029 -0.008135 8.098444  -0.000174
-37.292278 -0.010611 8.161222  0.000170
-37.194526 -0.012998 8.224001  -0.000167
-37.096774 -0.015273 8.286780  0.000163
-36.999022 -0.017414 8.349558  -0.000160
-36.901271 -0.019399 8.412337  0.000157
-36.803519 -0.021209 8.475115  -0.000153
-36.705767 -0.022826 8.537894  0.000150
-36.608016 -0.024233 8.600673  -0.000147
-36.510264 -0.025416 8.663451  0.000144
-36.412512 -0.026361 8.726230  -0.000141
-36.314761 -0.027060 8.789009  0.000138
-36.217009 -0.027503 8.851787  -0.000135
-36.119257 -0.027685 8.914566  0.000132
-36.021505 -0.027603 8.977344  -0.000130
-35.923754 -0.027256 9.040123  0.000127
-35.826002 -0.026647 9.102902  -0.000124
-35.728250 -0.025779 9.165680  0.000122
-35.630499 -0.024659 9.228459  -0.000119
-35.532747 -0.023298 9.291238  0.000117
-35.434995 -0.021705 9.354016  -0.000114
-35.337243 -0.019896 9.416795  0.000112
-35.239492 -0.017887 9.479574  -0.000110
-35.141740 -0.015695 9.542352  0.000108
-35.043988 -0.013341 9.605131  -0.000105
-34.946237 -0.010845 9.667909  0.000103
-34.848485 -0.008232 9.730688  -0.000101
-34.750733 -0.005525 9.793467  0.000099
-34.652981 -0.002751 9.856245  -0.000097
-34.555230 0.000066 9.919024  0.000095
-34.457478 0.002898 9.981803  -0.000093
-34.359726 0.005719 10.044581  0.000091
-34.261975 0.008501 10.107360  -0.000089
-34.164223 0.011217 10.170139  0.000087
-34.066471 0.013842 10.232917  -0.000086
-33.968719 0.016349 10.295696  0.000084
-33.870968 0.018714 10.358474  -0.000082
-33.773216 0.020914 10.421253  0.000080
-33.675464 0.022926 10.484032  -0.000079
-33.577713 0.024730 10.546810  0.000077
-33.479961 0.026308 10.609589  -0.000076
-33.382209 0.027644 10.672368  0.000074
-33.284457 0.028722 10.735146  -0.000072
-33.186706 0.029532 10.797925  0.000071
-33.088954 0.030064 10.860703  -0.000069
-32.991202 0.030311 10.923482  0.000068
-32.893451 0.030269 10.986261  -0.000067
-32.795699 0.029937 11.049039  0.000065
-32.697947 0.029317 11.111818  -0.000064
-32.600196 0.028412 11.174597  0.000062
-32.502444 0.027229 11.237375  -0.000061
-32.404692 0.025779 11.300154  0.000060
-32.306940 0.024073 11.362933  -0.000059
-32.209189 0.022126 11.425711  0.000057
-32.111437 0.019955 11.488490  -0.000056
-32.013685 0.017580 11.551268  0.000055
-31.915934 0.015022 11.614047  -0.000054
-31.818182 0.012304 11.676826  0.000053
-31.720430 0.009452 11.739604  -0.000051
-31.622678 0.006492 11.802383  0.000050
-31.524927 0.003451 11.865162  -0.000049
-31.427175 0.000358 11.927940  0.000048
-31.329423 -0.002758 11.990719  -0.000047
-31.231672 -0.005866 12.053498  0.000046
-31.133920 -0.008938 12.116276  -0.000045
-31.036168 -0.011944 12.179055  0.000044
-30.938416 -0.014854 12.241833  -0.000043
-30.840665 -0.017641 12.304612  0.000042
-30.742913 -0.020276 12.367391  -0.000041
-30.645161 -0.022734 12.430169  0.000040
-30.547410 -0.024990 12.492948  -0.000039
-30.449658 -0.027021 12.555727  0.000038
-30.351906 -0.028806 12.618505  -0.000037
-30.254154 -0.030327 12.681284  0.000036
-30.156403 -0.031567 12.744062  -0.000036
-30.058651 -0.032513 12.806841  0.000035
-29.960899 -0.033153 12.869620  -0.000034
-29.863148 -0.033481 12.932398  0.000033
-29.765396 -0.033489 12.995177  -0.000032
-29.667644 -0.033177 13.057956  0.000031
-29.569892 -0.032545 13.120734  -0.000031
-29.472141 -0.031597 13.183513  0.000030
-29.374389 -0.030340 13.246292  -0.000029
-29.276637 -0.028784 13.309070  0.000028
-29.178886 -0.026942 13.371849  -0.000028
-29.081134 -0.024830 13.434627  0.000027
-28.983382 -0.022465 13.497406  -0.000026
-28.885630 -0.019869 13.560185  0.000026
-28.787879 -0.017065 13.622963  -0.000025
-28.690127 -0.014079 13.685742  0.000024
-28.592375 -0.010937 13.748521  -0.000024
-28.494624 -0.007669 13.811299  0.000023
-28.396872 -0.004304 13.874078  -0.000022
-28.299120 -0.000876 13.936856  0.000022
-28.201369 0.002585 13.999635  -0.000021
-28.103617 0.006045 14.062414  0.000020
-28.005865 0.009471 14.125192  -0.000020
-27.908113 0.012831 14.187971  0.000019
-27.810362 0.016091 14.250750  -0.000019
-27.712610 0.019220 14.313528  0.000018
-27.614858 0.022187 14.376307  -0.000018
-27.517107 0.024963 14.439086  0.000017
-27.419355 0.027519 14.501864  -0.000016
-27.321603 0.029830 14.564643  0.000016
-27.223851 0.031871 14.627421  -0.000015
-27.126100 0.033622 14.690200  0.000015
-27.028348 0.035064 14.752979  -0.000014
-26.930596 0.036179 14.815757  0.000014
-26.832845 0.036957 14.878536  -0.000013
-26.735093 0.037385 14.941315  0.000013
-26.637341 0.037459 15.004093  -0.000012
-26.539589 0.037174 15.066872  0.000012
-26.441838 0.036531 15.129651  -0.000012
-26.344086 0.035533 15.192429  0.000011
-26.246334 0.034187 15.255208  -0.000011
-26.148583 0.032504 15.317986  0.000010
-26.050831 0.030496 15.380765  -0.000010
-25.953079 0.028181 15.443544  0.000009
-25.855327 0.025578 15.506322  -0.000009
-25.757576 0.022710 15.569101  0.000009
-25.659824 0.019603 15.631880  -0.000008
-25.562072 0.016284 15.694658  0.000008
-25.464321 0.012784 15.757437  -0.000007
-25.366569 0.009134 15.820215  0.000007
-25.268817 0.005369 15.882994  -0.000007
-25.171065 0.001522 15.945773  0.000006
-25.073314 -0.002369 16.008551  -0.000006
-24.975562 -0.006267 16.071330  0.000006
-24.877810 -0.010137 16.134109  -0.000005
-24.780059 -0.013939 16.196887  0.000005
-24.682307 -0.017638 16.259666  -0.000004
-24.584555 -0.021198 16.322445  0.000004
-24.486804 -0.024583 16.385223  -0.000004
-24.389052 -0.027759 16.448002  0.000004
-24.291300 -0.030694 16.510780  -0.000003
-24.193548 -0.033359 16.573559  0.000003
-24.095797 -0.035726 16.636338  -0.000003
-23.998045 -0.037770 16.699116  0.000002
-23.900293 -0.039468 16.761895  -0.000002
-23.802542 -0.040802 16.824674  0.000002
-23.704790 -0.041756 16.887452  -0.000001
-23.607038 -0.042317 16.950231  0.000001
-23.509286 -0.042477 17.013009  -0.000001
-23.411535 -0.042232 17.075788  0.000001
-23.313783 -0.041579 17.138567  -0.000000
-23.216031 -0.040522 17.201345  0.000000
-23.118280 -0.039068 17.264124  0.000000
-23.020528 -0.037227 17.326903  -0.000000
-22.922776 -0.035013 17.389681  0.000001
-22.825024 -0.032444 17.452460  -0.000001
-22.727273 -0.029543 17.515239  0.000001
-22.629521 -0.026332 17.578017  -0.000001
-22.531769 -0.022842 17.640796  0.000002
-22.434018 -0.019102 17.703574  -0.000002
-22.336266 -0.015146 17.766353  0.000002
-22.238514 -0.011010 17.829132  -0.000002
-22.140762 -0.006732 17.891910  0.000003
-22.043011 -0.002352 17.954689  -0.000003
-21.945259 0.002090 18.017468  0.000003
-21.847507 0.006552 18.080246  -0.000003
-21.749756 0.010991 18.143025  0.000003
-21.652004 0.015365 18.205804  -0.000004
-21.554252 0.019631 18.268582  0.000004
-21.456500 0.023748 18.331361  -0.000004
-21.358749 0.027674 18.394139  0.000004
-21.260997 0.031371 18.456918  -0.000004
-21.163245 0.034802 18.519697  0.000004
-21.065494 0.037930 18.582475  -0.000005
-20.967742 0.040724 18.645254  0.000005
-20.869990 0.043153 18.708033  -0.000005
-20.772239 0.045191 18.770811  0.000005
-20.674487 0.046815 18.833590  -0.000005
-20.576735 0.048006 18.896368  0.000005
-20.478983 0.048747 18.959147  -0.000006
-20.381232 0.049027 19.021926  0.000006
-20.283480 0.048840 19.084704  -0.000006
-20.185728 0.048183 19.147483  0.000006
-20.087977 0.047056 19.210262  -0.000006
-19.990225 0.045468 19.273040  0.000006
-19.892473 0.043427 19.335819  -0.000006
-19.794721 0.040950 19.398598  0.000007
-19.696970 0.038055 19.461376  -0.000007
-19.599218 0.034766 19.524155  0.000007
-19.501466 0.031111 19.586933  -0.000007
-19.403715 0.027120 19.649712  0.000007
-19.305963 0.022828 19.712491  -0.000007
-19.208211 0.018274 19.775269  0.000007
-19.110459 0.013498 19.838048  -0.000007
-19.012708 0.008543 19.900827  0.000008
-18.914956 0.003455 19.963605  -0.000008
-18.817204 -0.001719 20.026384  0.000008
-18.719453 -0.006931 20.089163  -0.000008
-18.621701 -0.012130 20.151941  0.000008
-18.523949 -0.017269 20.214720  -0.000008
-18.426197 -0.022296 20.277498  0.000008
-18.328446 -0.027162 20.340277  -0.000008
-18.230694 -0.031820 20.403056  0.000008
-18.132942 -0.036223 20.465834  -0.000008
-18.035191 -0.040326 20.528613  0.000008
-17.937439 -0.044087 20.591392  -0.000009
-17.839687 -0.047465 20.654170  0.000009
-17.741935 -0.050425 20.716949  -0.000009
-17.644184 -0.052934 20.779727  0.000009
-17.546432 -0.054962 20.842506  -0.000009
-17.448680 -0.056486 20.905285  0.000009
-17.350929 -0.057484 20.968063  -0.000009
-17.253177 -0.057941 21.030842  0.000009
-17.155425 -0.057848 21.093621  -0.000009
-17.057674 -0.057198 21.156399  0.000009
-16.959922 -0.055991 21.219178  -0.000009
-16.862170 -0.054232 21.281957  0.000009
-16.764418 -0.051932 21.344735  -0.000009
-16.666667 -0.049107 21.407514  0.000009
-16.568915 -0.045776 21.470292  -0.000009
-16.471163 -0.041967 21.533071  0.000009
-16.373412 -0.037708 21.595850  -0.000009
-16.275660 -0.033037 21.658628  0.000010
-16.177908 -0.027991 21.721407  -0.000010
-16.080156 -0.022615 21.784186  0.000010
-15.982405 -0.016957 21.846964  -0.000010
-15.884653 -0.011066 21.909743  0.000010
-15.786901 -0.004995 21.972521  -0.000010
-15.689150 0.001199 22.035300  0.000010
-15.591398 0.007459 22.098079  -0.000010
-15.493646 0.013727 22.160857  0.000010
-15.395894 0.019942 22.223636  -0.000010
-15.298143 0.026045 22.286415  0.000010
-15.200391 0.031977 22.349193  -0.000010
-15.102639 0.037677 22.411972  0.000010
-15.004888 0.043090 22.474751  -0.000010
-14.907136 0.048160 22.537529  0.000010
-14.809384 0.052834 22.600308  -0.000010
-14.711632 0.057063 22.663086  0.000010
-14.613881 0.060799 22.725865  -0.000010
-14.516129 0.064001 22.788644  0.000010
-14.418377 0.066632 22.851422  -0.000010
-14.320626 0.068658 22.914201  0.000010
-14.222874 0.070051 22.976980  -0.000010
-14.125122 0.070791 23.039758  0.000010
-14.027370 0.070860 23.102537  -0.000010
-13.929619 0.070249 23.165316  0.000010
-13.831867 0.068954 23.228094  -0.000010
-13.734115 0.066977 23.290873  0.000010
-13.636364 0.064328 23.353651  -0.000010
-13.538612 0.061022 23.416430  0.000010
-13.440860 0.057081 23.479209  -0.000010
-13.343109 0.052533 23.541987  0.000010
-13.245357 0.047413 23.604766  -0.000010
-13.147605 0.041761 23.667545  0.000010
-13.049853 0.035622 23.730323  -0.000010
-12.952102 0.029048 23.793102  0.000010
-12.854350 0.022095 23.855880  -0.000010
-12.756598 0.014822 23.918659  0.000010
-12.658847 0.007295 23.981438  -0.000010
-12.561095 -0.000420 24.044216  0.000010
-12.463343 -0.008252 24.106995  -0.000010
-12.365591 -0.016128 24.169774  0.000010
-12.267840 -0.023975 24.232552  -0.000010
-12.170088 -0.031716 24.295331  0.000010
-12.072336 -0.039278 24.358110  -0.000010
-11.974585 -0.046586 24.420888  0.000010
-11.876833 -0.053565 24.483667  -0.000010
-11.779081 -0.060144 24.546445  0.000010
-11.681329 -0.066255 24.609224  -0.000010
-11.583578 -0.071830 24.672003  0.000010
-11.485826 -0.076809 24.734781  -0.000010
-11.388074 -0.081134 24.797560  0.000010
-11.290323 -0.084752 24.860339  -0.000010
-11.192571 -0.087617 24.923117  0.000010
-11.094819 -0.089689 24.985896  -0.000009
-10.997067 -0.090933 25.048674  0.000009
-10.899316 -0.091324 25.111453  -0.000009
-10.801564 -0.090842 25.174232  0.000009
-10.703812 -0.089476 25.237010  -0.000009
-10.606061 -0.087223 25.299789  0.000009
-10.508309 -0.084087 25.362568  -0.000009
-10.410557 -0.080082 25.425346  0.000009
-10.312805 -0.075230 25.488125  -0.000009
-10.215054 -0.069559 25.550904  0.000009
-10.117302 -0.063108 25.613682  -0.000009
-10.019550 -0.055923 25.676461  0.000009
-9.921799 -0.048057 25.739239  -0.000009
-9.824047 -0.039571 25.802018  0.000009
-9.726295 -0.030533 25.864797  -0.000009
-9.628543 -0.021017 25.927575  0.000009
-9.530792 -0.011102 25.990354  -0.000009
-9.433040 -0.000876 26.053133  0.000009
-9.335288 0.009573 26.115911  -0.000009
-9.237537 0.020151 26.178690  0.000009
-9.139785 0.030761 26.241469  -0.000009
-9.042033 0.041304 26.304247  0.000008
-8.944282 0.051678 26.367026  -0.000008
-8.846530 0.061782 26.429804  0.000008
-8.748778 0.071516 26.492583  -0.000008
-8.651026 0.080779 26.555362  0.000008
-8.553275 0.089474 26.618140  -0.000008
-8.455523 0.097506 26.680919  0.000008
-8.357771 0.104784 26.743698  -0.000008
-8.260020 0.111222 26.806476  0.000008
-8.162268 0.116739 26.869255  -0.000008
-8.064516 0.121262 26.932033  0.000008
-7.966764 0.124724 26.994812  -0.000008
-7.869013 0.127066 27.057591  0.000008
-7.771261 0.128239 27.120369  -0.000008
-7.673509 0.128202 27.183148  0.000008
-7.575758 0.126924 27.245927  -0.000007
-7.478006 0.124385 27.308705  0.000007
-7.380254 0.120575 27.371484  -0.000007
-7.282502 0.115496 27.434263  0.000007
-7.184751 0.109162 27.497041  -0.000007
-7.086999 0.101596 27.559820  0.000007
-6.989247 0.092834 27.622598  -0.000007
-6.891496 0.082926 27.685377  0.000007
-6.793744 0.071929 27.748156  -0.000007
-6.695992 0.059914 27.810934  0.000007
-6.598240 0.046962 27.873713  -0.000007
-6.500489 0.033166 27.936492  0.000007
-6.402737 0.018628 27.999270  -0.000007
-6.304985 0.003457 28.062049  0.000006
-6.207234 -0.012224 28.124827  -0.000006
-6.109482 -0.028289 28.187606  0.000006
-6.011730 -0.044602 28.250385  -0.000006
-5.913978 -0.061021 28.313163  0.000006
-5.816227 -0.077399 28.375942  -0.000006
-5.718475 -0.093586 28.438721  0.000006
-5.620723 -0.109427 28.501499  -0.000006
-5.522972 -0.124765 28.564278  0.000006
-5.425220 -0.139444 28.627057  -0.000006
-5.327468 -0.153305 28.689835  0.000006
-5.229717 -0.166193 28.752614  -0.000006
-5.131965 -0.177956 28.815392  0.000005
-5.034213 -0.188443 28.878171  -0.000005
-4.936461 -0.197510 28.940950  0.000005
-4.838710 -0.205020 29.003728  -0.000005
-4.740958 -0.210842 29.066507  0.000005
-4.643206 -0.214853 29.129286  -0.000005
-4.545455 -0.216942 29.192064  0.000005
-4.447703 -0.217005 29.254843  -0.000005
-4.349951 -0.214953 29.317622  0.000005
-4.252199 -0.210707 29.380400  -0.000005
-4.154448 -0.204202 29.443179  0.000005
-4.056696 -0.195387 29.505957  -0.000004
-3.958944 -0.184225 29.568736  0.000004
-3.861193 -0.170694 29.631515  -0.000004
-3.763441 -0.154789 29.694293  0.000004
-3.665689 -0.136518 29.757072  -0.000004
-3.567937 -0.115906 29.819851  0.000004
-3.470186 -0.092996 29.882629  -0.000004
-3.372434 -0.067843 29.945408  0.000004
-3.274682 -0.040522 30.008186  -0.000004
-3.176931 -0.011121 30.070965  0.000004
-3.079179 0.020256 30.133744  -0.000003
-2.981427 0.053492 30.196522  0.000003
-2.883675 0.088452 30.259301  -0.000003
-2.785924 0.124992 30.322080  0.000003
-2.688172 0.162952 30.384858  -0.000003
-2.590420 0.202163 30.447637  0.000003
-2.492669 0.242443 30.510416  -0.000003
-2.394917 0.283602 30.573194  0.000003
-2.297165 0.325441 30.635973  -0.000003
-2.199413 0.367753 30.698751  0.000003
-2.101662 0.410327 30.761530  -0.000002
-2.003910 0.452946 30.824309  0.000002
-1.906158 0.495390 30.887087  -0.000002
-1.808407 0.537436 30.949866  0.000002
-1.710655 0.578864 31.012645  -0.000002
-1.612903 0.619450 31.075423  0.000002
-1.515152 0.658978 31.138202  -0.000002
-1.417400 0.697233 31.200981  0.000002
-1.319648 0.734005 31.263759  -0.000002
-1.221896 0.769091 31.326538  0.000001
-1.124145 0.802298 31.389316  -0.000001
-1.026393 0.833440 31.452095  0.000001
-0.928641 0.862343 31.514874  -0.000001
-0.830890 0.888844 31.577652  0.000001
-0.733138 0.912795 31.640431  -0.000001
-0.635386 0.934059 31.703210  0.000001
-0.537634 0.952516 31.765988  -0.000001
-0.439883 0.968061 31.828767  0.000001
-0.342131 0.980605 31.891545  -0.000000
-0.244379 0.990076 31.954324  0.000000
-0.146628 0.996421 32.017103  -0.000000
-0.048876 0.999602 32.079881  0.000000
0.048876 0.999602 -32.142660  -0.000000
0.146628 0.996421 -32.079881  0.000000
0.244379 0.990076 -32.017103  -0.000000
0.342131 0.980605 -31.954324  0.000000
0.439883 0.968061 -31.891545  -0.000000
0.537634 0.952516 -31.828767  0.000001
0.635386 0.934059 -31.765988  -0.000001
0.733138 0.912795 -31.703210  0.000001
0.830890 0.888844 -31.640431  -0.000001
0.928641 0.862343 -31.577652  0.000001
1.026393 0.833440 -31.514874  -0.000001
1.124145 0.802298 -31.452095  0.000001
1.221896 0.769091 -31.389316  -0.000001
1.319648 0.734005 -31.326538  0.000001
1.417400 0.697233 -31.263759  -0.000002
1.515152 0.658978 -31.200981  0.000002
1.612903 0.619450 -31.138202  -0.000002
1.710655 0.578864 -31.075423  0.000002
1.808407 0.537436 -31.012645  -0.000002
1.906158 0.495390 -30.949866  0.000002
2.003910 0.452946 -30.887087  -0.000002
2.101662 0.410327 -30.824309  0.000002
2.199413 0.367753 -30.761530  -0.000002
2.297165 0.325441 -30.698751  0.000003
2.394917 0.283602 -30.635973  -0.000003
2.492669 0.242443 -30.573194  0.000003
2.590420 0.202163 -30.510416  -0.000003
2.688172 0.162952 -30.447637  0.000003
2.785924 0.124992 -30.384858  -0.000003
2.883675 0.088452 -30.322080  0.000003
2.981427 0.053492 -30.259301  -0.000003
3.079179 0.020256 -30.196522  0.000003
3.176931 -0.011121 -30.133744  -0.000003
3.274682 -0.040522 -30.070965  0.000004
3.372434 -0.067843 -30.008186  -0.000004
3.470186 -0.092996 -29.945408  0.000004
3.567937 -0.115906 -29.882629  -0.000004
3.665689 -0.136518 -29.819851  0.000004
3.763441 -0.154789 -29.757072  -0.000004
3.861193 -0.170694 -29.694293  0.000004
3.958944 -0.184225 -29.631515  -0.000004
4.056696 -0.195387 -29.568736  0.000004
4.154448 -0.204202 -29.505957  -0.000004
4.252199 -0.210707 -29.443179  0.000005
4.349951 -0.214953 -29.380400  -0.000005
4.447703 -0.217005 -29.317622  0.000005
4.545455 -0.216942 -29.254843  -0.000005
4.643206 -0.214853 -29.192064  0.000005
4.740958 -0.210842 -29.129286  -0.000005
4.838710 -0.205020 -29.066507  0.000005
4.936461 -0.197510 -29.003728  -0.000005
5.034213 -0.188443 -28.940950  0.000005
5.131965 -0.177956 -28.878171  -0.000005
5.229717 -0.166193 -28.815392  0.000005
5.327468 -0.153305 -28.752614  -0.000006
5.425220 -0.139444 -28.689835  0.000006
5.522972 -0.124765 -28.627057  -0.000006
5.620723 -0.109427 -28.564278  0.000006
5.718475 -0.093586 -28.501499  -0.000006
5.816227 -0.077399 -28.438721  0.000006
5.913978 -0.061021 -28.375942  -0.000006
6.011730 -0.044602 -28.313163  0.000006
6.109482 -0.028289 -28.250385  -0.000006
6.207234 -0.012224 -28.187606  0.000006
6.304985 0.003457 -28.124827  -0.000006
6.402737 0.018628 -28.062049  0.000006
6.500489 0.033166 -27.999270  -0.000007
6.598240 0.046962 -27.936492  0.000007
6.695992 0.059914 -27.873713  -0.000007
6.793744 0.071929 -27.810934  0.000007
6.891496 0.082926 -27.748156  -0.000007
6.989247 0.092834 -27.685377  0.000007
7.086999 0.101596 -27.622598  -0.000007
7.184751 0.109162 -27.559820  0.000007
7.282502 0.115496 -27.497041  -0.000007
7.380254 0.120575 -27.434263  0.000007
7.478006 0.124385 -27.371484  -0.000007
7.575758 0.126924 -27.308705  0.000007
7.673509 0.128202 -27.245927  -0.000007
7.771261 0.128239 -27.183148  0.000008
7.869013 0.127066 -27.120369  -0.000008
7.966764 0.124724 -27.057591  0.000008
8.064516 0.121262 -26.994812  -0.000008
8.162268 0.116739 -26.932033  0.000008
8.260020 0.111222 -26.869255  -0.000008
8.357771 0.104784 -26.806476  0.000008
8.455523 0.097506 -26.743698  -0.000008
8.553275 0.089474 -26.680919  0.000008
8.651026 0.080779 -26.618140  -0.000008
8.748778 0.071516 -26.555362  0.000008
8.846530 0.061782 -26.492583  -0.000008
8.944282 0.051678 -26.429804  0.000008
9.042033 0.041304 -26.367026  -0.000008
9.139785 0.030761 -26.304247  0.000008
9.237537 0.020151 -26.241469  -0.000009
9.335288 0.009573 -26.178690  0.000009
9.433040 -0.000876 -26.115911  -0.000009
9.530792 -0.011102 -26.053133  0.000009
9.628543 -0.021017 -25.990354  -0.000009
9.726295 -0.030533 -25.927575  0.000009
9.824047 -0.039571 -25.864797  -0.000009
9.921799 -0.048057 -25.802018  0.000009
10.019550 -0.055923 -25.739239  -0.000009
10.117302 -0.063108 -25.676461  0.000009
10.215054 -0.069559 -25.613682  -0.000009
10.312805 -0.075230 -25.550904  0.000009
10.410557 -0.080082 -25.488125  -0.000009
10.508309 -0.084087 -25.425346  0.000009
10.606061 -0.087223 -25.362568  -0.000009
10.703812 -0.089476 -25.299789  0.000009
10.801564 -0.090842 -25.237010  -0.000009
10.899316 -0.091324 -25.174232  0.000009
10.997067 -0.090933 -25.111453  -0.000009
11.094819 -0.089689 -25.048674  0.000009
11.192571 -0.087617 -24.985896  -0.000009
11.290323 -0.084752 -24.923117  0.000010
11.388074 -0.081134 -24.860339  -0.000010
11.485826 -0.076809 -24.797560  0.000010
11.583578 -0.071830 -24.734781  -0.000010
11.681329 -0.066255 -24.672003  0.000010
11.779081 -0.060144 -24.609224  -0.000010
11.876833 -0.053565 -24.546445  0.000010
11.974585 -0.046586 -24.483667  -0.000010
12.072336 -0.039278 -24.420888  0.000010
12.170088 -0.031716 -24.358110  -0.000010
12.267840 -0.023975 -24.295331  0.000010
12.365591 -0.016128 -24.232552  -0.000010
12.463343 -0.008252 -24.169774  0.000010
12.561095 -0.000420 -24.106995  -0.000010
12.658847 0.007295 -24.044216  0.000010
12.756598 0.014822 -23.981438  -0.000010
12.854350 0.022095 -23.918659  0.000010
12.952102 0.029048 -23.855880  -0.000010
13.049853 0.035622 -23.793102  0.000010
13.147605 0.041761 -23.730323  -0.000010
13.245357 0.047413 -23.667545  0.000010
13.343109 0.052533 -23.604766  -0.000010
13.440860 0.057081 -23.541987  0.000010
13.538612 0.061022 -23.479209  -0.000010
13.636364 0.064328 -23.416430  0.000010
13.734115 0.066977 -23.353651  -0.000010
13.831867 0.068954 -23.290873  0.000010
13.929619 0.070249 -23.228094  -0.000010
14.027370 0.070860 -23.165316  0.000010
14.125122 0.070791 -23.102537  -0.000010
14.222874 0.070051 -23.039758  0.000010
14.320626 0.068658 -22.976980  -0.000010
14.418377 0.066632 -22.914201  0.000010
14.516129 0.064001 -22.851422  -0.000010
14.613881 0.060799 -22.788644  0.000010
14.711632 0.057063 -22.725865  -0.000010
14.809384 0.052834 -22.663086  0.000010
14.907136 0.048160 -22.600308  -0.000010
15.004888 0.043090 -22.537529  0.000010
15.102639 0.037677 -22.474751  -0.000010
15.200391 0.031977 -22.411972  0.000010
15.298143 0.026045 -22.349193  -0.000010
15.395894 0.019942 -22.286415  0.000010
15.493646 0.013727 -22.223636  -0.000010
15.591398 0.007459 -22.160857  0.000010
15.689150 0.001199 -22.098079  -0.000010
15.786901 -0.004995 -22.035300  0.000010
15.884653 -0.011066 -21.972521  -0.000010
15.982405 -0.016957 -21.909743  0.000010
16.080156 -0.022615 -21.846964  -0.000010
16.177908 -0.027991 -21.784186  0.000010
16.275660 -0.033037 -21.721407  -0.000010
16.373412 -0.037708 -21.658628  0.000010
16.471163 -0.041967 -21.595850  -0.000009
16.568915 -0.045776 -21.533071  0.000009
16.666667 -0.049107 -21.470292  -0.000009
16.764418 -0.051932 -21.407514  0.000009
16.862170 -0.054232 -21.344735  -0.000009
16.959922 -0.055991 -21.281957  0.000009
17.057674 -0.057198 -21.219178  -0.000009
17.155425 -0.057848 -21.156399  0.000009
17.253177 -0.057941 -21.093621  -0.000009
17.350929 -0.057484 -21.030842  0.000009
17.448680 -0.056486 -20.968063  -0.000009
17.546432 -0.054962 -20.905285  0.000009
17.644184 -0.052934 -20.842506  -0.000009
17.741935 -0.050425 -20.779727  0.000009
17.839687 -0.047465 -20.716949  -0.000009
17.937439 -0.044087 -20.654170  0.000009
18.035191 -0.040326 -20.591392  -0.000009
18.132942 -0.036223 -20.528613  0.000008
18.230694 -0.031820 -20.465834  -0.000008
18.328446 -0.027162 -20.403056  0.000008
18.426197 -0.022296 -20.340277  -0.000008
18.523949 -0.017269 -20.277498  0.000008
18.621701 -0.012130 -20.214720  -0.000008
18.719453 -0.006931 -20.151941  0.000008
18.817204 -0.001719 -20.089163  -0.000008
18.914956 0.003455 -20.026384  0.000008
19.012708 0.008543 -19.963605  -0.000008
19.110459 0.013498 -19.900827  0.000008
19.208211 0.018274 -19.838048  -0.000007
19.305963 0.022828 -19.775269  0.000007
19.403715 0.027120 -19.712491  -0.000007
19.501466 0.031111 -19.649712  0.000007
19.599218 0.034766 -19.586933  -0.000007
19.696970 0.038055 -19.524155  0.000007
19.794721 0.040950 -19.461376  -0.000007
19.892473 0.043427 -19.398598  0.000007
19.990225 0.045468 -19.335819  -0.000006
20.087977 0.047056 -19.273040  0.000006
20.185728 0.048183 -19.210262  -0.000006
20.283480 0.048840 -19.147483  0.000006
20.381232 0.049027 -19.084704  -0.000006
20.478983 0.048747 -19.021926  0.000006
20.576735 0.048006 -18.959147  -0.000006
20.674487 0.046815 -18.896368  0.000005
20.772239 0.045191 -18.833590  -0.000005
20.869990 0.043153 -18.770811  0.000005
20.967742 0.040724 -18.708033  -0.000005
21.065494 0.037930 -18.645254  0.000005
21.163245 0.034802 -18.582475  -0.000005
21.260997 0.031371 -18.519697  0.000004
21.358749 0.027674 -18.456918  -0.000004
21.456500 0.023748 -18.394139  0.000004
21.554252 0.019631 -18.331361  -0.000004
21.652004 0.015365 -18.268582  0.000004
21.749756 0.010991 -18.205804  -0.000004
21.847507 0.006552 -18.143025  0.000003
21.945259 0.002090 -18.080246  -0.000003
22.043011 -0.002352 -18.017468  0.000003
22.140762 -0.006732 -17.954689  -0.000003
22.238514 -0.011010 -17.891910  0.000003
22.336266 -0.015146 -17.829132  -0.000002
22.434018 -0.019102 -17.766353  0.000002
22.531769 -0.022842 -17.703574  -0.000002
22.629521 -0.026332 -17.640796  0.000002
22.727273 -0.029543 -17.578017  -0.000001
22.825024 -0.032444 -17.515239  0.000001
22.922776 -0.035013 -17.452460  -0.000001
23.020528 -0.037227 -17.389681  0.000001
23.118280 -0.039068 -17.326903  -0.000000
23.216031 -0.040522 -17.264124  0.000000
23.313783 -0.041579 -17.201345  0.000000
23.411535 -0.042232 -17.138567  -0.000000
23.509286 -0.042477 -17.075788  0.000001
23.607038 -0.042317 -17.013009  -0.000001
23.704790 -0.041756 -16.950231  0.000001
23.802542 -0.040802 -16.887452  -0.000001
23.900293 -0.039468 -16.824674  0.000002
23.998045 -0.037770 -16.761895  -0.000002
24.095797 -0.035726 -16.699116  0.000002
24.193548 -0.033359 -16.636338  -0.000003
24.291300 -0.030694 -16.573559  0.000003
24.389052 -0.027759 -16.510780  -0.000003
24.486804 -0.024583 -16.448002  0.000004
24.584555 -0.021198 -16.385223  -0.000004
24.682307 -0.017638 -16.322445  0.000004
24.780059 -0.013939 -16.259666  -0.000004
24.877810 -0.010137 -16.196887  0.000005
24.975562 -0.006267 -16.134109  -0.000005
25.073314 -0.002369 -16.071330  0.000006
25.171065 0.001522 -16.008551  -0.000006
25.268817 0.005369 -15.945773  0.000006
25.366569 0.009134 -15.882994  -0.000007
25.464321 0.012784 -15.820215  0.000007
25.562072 0.016284 -15.757437  -0.000007
25.659824 0.019603 -15.694658  0.000008
25.757576 0.022710 -15.631880  -0.000008
25.855327 0.025578 -15.569101  0.000009
25.953079 0.028181 -15.506322  -0.000009
26.050831 0.030496 -15.443544  0.000009
26.148583 0.032504 -15.380765  -0.000010
26.246334 0.034187 -15.317986  0.000010
26.344086 0.035533 -15.255208  -0.000011
26.441838 0.036531 -15.192429  0.000011
26.539589 0.037174 -15.129651  -0.000012
26.637341 0.037459 -15.066872  0.000012
26.735093 0.037385 -15.004093  -0.000012
26.832845 0.036957 -14.941315  0.000013
26.930596 0.036179 -14.878536  -0.000013
27.028348 0.035064 -14.815757  0.000014
27.126100 0.033622 -14.752979  -0.000014
27.223851 0.031871 -14.690200  0.000015
27.321603 0.029830 -14.627421  -0.000015
27.419355 0.027519 -14.564643  0.000016
27.517107 0.024963 -14.501864  -0.000016
27.614858 0.022187 -14.439086  0.000017
27.712610 0.019220 -14.376307  -0.000018
27.810362 0.016091 -14.313528  0.000018
27.908113 0.012831 -14.250750  -0.000019
28.005865 0.009471 -14.187971  0.000019
28.103617 0.006045 -14.125192  -0.000020
28.201369 0.002585 -14.062414  0.000020
28.299120 -0.000876 -13.999635  -0.000021
28.396872 -0.004304 -13.936856  0.000022
28.494624 -0.007669 -13.874078  -0.000022
28.592375 -0.010937 -13.811299  0.000023
28.690127 -0.014079 -13.748521  -0.000024
28.787879 -0.017065 -13.685742  0.000024
28.885630 -0.019869 -13.622963  -0.000025
28.983382 -0.022465 -13.560185  0.000026
29.081134 -0.024830 -13.497406  -0.000026
29.178886 -0.026942 -13.434627  0.000027
29.276637 -0.028784 -13.371849  -0.000028
29.374389 -0.030340 -13.309070  0.000028
29.472141 -0.031597 -13.246292  -0.000029
29.569892 -0.032545 -13.183513  0.000030
29.667644 -0.033177 -13.120734  -0.000031
29.765396 -0.033489 -13.057956  0.000031
29.863148 -0.033481 -12.995177  -0.000032
29.960899 -0.033153 -12.932398  0.000033
30.058651 -0.032513 -12.869620  -0.000034
30.156403 -0.031567 -12.806841  0.000035
30.254154 -0.030327 -12.744062  -0.000036
30.351906 -0.028806 -12.681284  0.000036
30.449658 -0.027021 -12.618505  -0.000037
30.547410 -0.024990 -12.555727  0.000038
30.645161 -0.022734 -12.492948  -0.000039
30.742913 -0.020276 -12.430169  0.000040
30.840665 -0.017641 -12.367391  -0.000041
30.938416 -0.014854 -12.304612  0.000042
31.036168 -0.011944 -12.241833  -0.000043
31.133920 -0.008938 -12.179055  0.000044
31.231672 -0.005866 -12.116276  -0.000045
31.329423 -0.002758 -12.053498  0.000046
31.427175 0.000358 -11.990719  -0.000047
31.524927 0.003451 -11.927940  0.000048
31.622678 0.006492 -11.865162  -0.000049
31.720430 0.009452 -11.802383  0.000050
31.818182 0.012304 -11.739604  -0.000051
31.915934 0.015022 -11.676826  0.000053
32.013685 0.017580 -11.614047  -0.000054
32.111437 0.019955 -11.551268  0.000055
32.209189 0.022126 -11.488490  -0.000056
32.306940 0.024073 -11.425711  0.000057
32.404692 0.025779 -11.362933  -0.000059
32.502444 0.027229 -11.300154  0.000060
32.600196 0.028412 -11.237375  -0.000061
32.697947 0.029317 -11.174597  0.000062
32.795699 0.029937 -11.111818  -0.000064
32.893451 0.030269 -11.049039  0.000065
32.991202 0.030311 -10.986261  -0.000067
33.088954 0.030064 -10.923482  0.000068
33.186706 0.029532 -10.860703  -0.000069
33.284457 0.028722 -10.797925  0.000071
33.382209 0.027644 -10.735146  -0.000072
33.479961 0.026308 -10.672368  0.000074
33.577713 0.024730 -10.609589  -0.000076
33.675464 0.022926 -10.546810  0.000077
33.773216 0.020914 -10.484032  -0.000079
33.870968 0.018714 -10.421253  0.000080
33.968719 0.016349 -10.358474  -0.000082
34.066471 0.013842 -10.295696  0.000084
34.164223 0.011217 -10.232917  -0.000086
34.261975 0.008501 -10.170139  0.000087
34.359726 0.005719 -10.107360  -0.000089
34.457478 0.002898 -10.044581  0.000091
34.555230 0.000066 -9.981803  -0.000093
34.652981 -0.002751 -9.919024  0.000095
34.750733 -0.005525 -9.856245  -0.000097
34.848485 -0.008232 -9.793467  0.000099
34.946237 -0.010845 -9.730688  -0.000101
35.043988 -0.013341 -9.667909  0.000103
35.141740 -0.015695 -9.605131  -0.000105
35.239492 -0.017887 -9.542352  0.000108
35.337243 -0.019896 -9.479574  -0.000110
35.434995 -0.021705 -9.416795  0.000112
35.532747 -0.023298 -9.354016  -0.000114
35.630499 -0.024659 -9.291238  0.000117
35.728250 -0.025779 -9.228459  -0.000119
35.826002 -0.026647 -9.165680  0.000122
35.923754 -0.027256 -9.102902  -0.000124
36.021505 -0.027603 -9.040123  0.000127
36.119257 -0.027685 -8.977344  -0.000130
36.217009 -0.027503 -8.914566  0.000132
36.314761 -0.027060 -8.851787  -0.000135
36.412512 -0.026361 -8.789009  0.000138
36.510264 -0.025416 -8.726230  -0.000141
36.608016 -0.024233 -8.663451  0.000144
36.705767 -0.022826 -8.600673  -0.000147
36.803519 -0.021209 -8.537894  0.000150
36.901271 -0.019399 -8.475115  -0.000153
36.999022 -0.017414 -8.412337  0.000157
37.096774 -0.015273 -8.349558  -0.000160
37.194526 -0.012998 -8.286780  0.000163
37.292278 -0.010611 -8.224001  -0.000167
37.390029 -0.008135 -8.161222  0.000170
37.487781 -0.005595 -8.098444  -0.000174
37.585533 -0.003015 -8.035665  0.000178
37.683284 -0.000420 -7.972886  -0.000182
37.781036 0.002166 -7.910108  0.000186
37.878788 0.004718 -7.847329  -0.000190
37.976540 0.007212 -7.784550  0.000194
38.074291 0.009624 -7.721772  -0.000198
38.172043 0.011933 -7.658993  0.000203
38.269795 0.014116 -7.596215  -0.000207
38.367546 0.016153 -7.533436  0.000212
38.465298 0.018026 -7.470657  -0.000217
38.563050 0.019719 -7.407879  0.000221
38.660802 0.021214 -7.345100  -0.000226
38.758553 0.022500 -7.282321  0.000232
38.856305 0.023566 -7.219543  -0.000237
38.954057 0.024401 -7.156764  0.000242
39.051808 0.025000 -7.093986  -0.000248
39.149560 0.025358 -7.031207  0.000254
39.247312 0.025473 -6.968428  -0.000259
39.345064 0.025344 -6.905650  0.000265
39.442815 0.024975 -6.842871  -0.000272
39.540567 0.024370 -6.780092  0.000278
39.638319 0.023535 -6.717314  -0.000285
39.736070 0.022481 -6.654535  0.000291
39.833822 0.021217 -6.591756  -0.000298
39.931574 0.019758 -6.528978  0.000306
40.029326 0.018118 -6.466199  -0.000313
40.127077 0.016313 -6.403421  0.000321
40.224829 0.014361 -6.340642  -0.000329
40.322581 0.012282 -6.277863  0.000337
40.420332 0.010096 -6.215085  -0.000345
40.518084 0.007825 -6.152306  0.000354
40.615836 0.005490 -6.089527  -0.000363
40.713587 0.003114 -6.026749  0.000372
40.811339 0.000719 -5.963970  -0.000382
40.909091 -0.001670 -5.901191  0.000392
41.006843 -0.004033 -5.838413  -0.000402
41.104594 -0.006346 -5.775634  0.000412
41.202346 -0.008587 -5.712856  -0.000423
41.300098 -0.010736 -5.650077  0.000435
41.397849 -0.012773 -5.587298  -0.000446
41.495601 -0.014678 -5.524520  0.000458
41.593353 -0.016435 -5.461741  -0.000471
41.691105 -0.018026 -5.398962  0.000484
41.788856 -0.019439 -5.336184  -0.000498
41.886608 -0.020660 -5.273405  0.000512
41.984360 -0.021678 -5.210627  -0.000526
42.082111 -0.022486 -5.147848  0.000541
42.179863 -0.023075 -5.085069  -0.000557
42.277615 -0.023441 -5.022291  0.000574
42.375367 -0.023583 -4.959512  -0.000591
42.473118 -0.023500 -4.896733  0.000608
42.570870 -0.023193 -4.833955  -0.000627
42.668622 -0.022666 -4.771176  0.000646
42.766373 -0.021926 -4.708397  -0.000666
42.864125 -0.020980 -4.645619  0.000687
42.961877 -0.019839 -4.582840  -0.000709
43.059629 -0.018514 -4.520062  0.000732
43.157380 -0.017019 -4.457283  -0.000756
43.255132 -0.015368 -4.394504  0.000781
43.352884 -0.013579 -4.331726  -0.000807
43.450635 -0.011668 -4.268947  0.000835
43.548387 -0.009654 -4.206168  -0.000863
43.646139 -0.007558 -4.143390  0.000894
43.743891 -0.005399 -4.080611  -0.000925
43.841642 -0.003198 -4.017832  0.000959
43.939394 -0.000976 -3.955054  -0.000994
44.037146 0.001245 -3.892275  0.001031
44.134897 0.003444 -3.829497  -0.001070
44.232649 0.005601 -3.766718  0.001111
44.330401 0.007695 -3.703939  -0.001155
44.428152 0.009706 -3.641161  0.001201
44.525904 0.011616 -3.578382  -0.001250
44.623656 0.013407 -3.515603  0.001301
44.721408 0.015063 -3.452825  -0.001356
44.819159 0.016568 -3.390046  0.001415
44.916911 0.017908 -3.327268  -0.001477
45.014663 0.019072 -3.264489  0.001543
45.112414 0.020049 -3.201710  -0.001614
45.210166 0.020831 -3.138932  0.001690
45.307918 0.021411 -3.076153  -0.001771
45.405670 0.021785 -3.013374  0.001858
45.503421 0.021949 -2.950596  -0.001952
45.601173 0.021904 -2.887817  0.002053
45.698925 0.021650 -2.825038  -0.002162
45.796676 0.021191 -2.762260  0.002281
45.894428 0.020532 -2.699481  -0.002409
45.992180 0.019680 -2.636703  0.002549
46.089932 0.018645 -2.573924  -0.002701
46.187683 0.017436 -2.511145  0.002868
46.285435 0.016066 -2.448367  -0.003051
46.383187 0.014549 -2.385588  0.003254
46.480938 0.012899 -2.322809  -0.003477
46.578690 0.011134 -2.260031  0.003726
46.676442 0.009269 -2.197252  -0.004004
46.774194 0.007325 -2.134474  0.004316
46.871945 0.005318 -2.071695  -0.004669
46.969697 0.003270 -2.008916  0.005069
47.067449 0.001199 -1.946138  -0.005528
47.165200 -0.000876 -1.883359  0.006057
47.262952 -0.002933 -1.820580  -0.006674
47.360704 -0.004954 -1.757802  0.007400
47.458456 -0.006919 -1.695023  -0.008266
47.556207 -0.008810 -1.632244  0.009314
47.653959 -0.010610 -1.569466  -0.010606
47.751711 -0.012301 -1.506687  0.012232
47.849462 -0.013868 -1.443909  -0.014335
47.947214 -0.015296 -1.381130  0.017151
48.044966 -0.016573 -1.318351  -0.021100
48.142717 -0.017687 -1.255573  0.027007
48.240469 -0.018628 -1.192794  -0.036732
48.338221 -0.019387 -1.130015  0.055493
48.435973 -0.019959 -1.067237  -0.105051
48.533724 -0.020338 -1.004458  0.534300
48.631476 -0.020522 -0.941679  1.361237
48.729228 -0.020509 -0.878901  1.185895
48.826979 -0.020302 -0.816122  1.294385
48.924731 -0.019901 -0.753344  1.215303
49.022483 -0.019313 -0.690565  1.279885
49.120235 -0.018543 -0.627786  1.225895
49.217986 -0.017599 -0.565008  1.274142
49.315738 -0.016491 -0.502229  1.231317
49.413490 -0.015231 -0.439450  1.271348
49.511241 -0.013830 -0.376672  1.234488
49.608993 -0.012303 -0.313893  1.269874
49.706745 -0.010665 -0.251115  1.236386
49.804497 -0.008932 -0.188336  1.269101
49.902248 -0.007120 -0.125557  1.237413
50.000000 -0.005247 -0.062779  1.268767
