#X_val f(x)  k_val   FT(f(x))
-5.000000 0.000000 0.000000  0.707061
-4.980431 0.000000 0.627173  0.640857
-4.960861 0.000000 1.254345  0.477170
-4.941292 0.000000 1.881518  0.291873
-4.921722 0.000000 2.508691  0.146664
-4.902153 0.000000 3.135863  0.060542
-4.882583 0.000000 3.763036  0.020531
-4.863014 0.000000 4.390209  0.005719
-4.843444 0.000000 5.017381  0.001309
-4.823875 0.000000 5.644554  0.000246
-4.804305 0.000000 6.271727  0.000038
-4.784736 0.000000 6.898899  0.000005
-4.765166 0.000000 7.526072  0.000000
-4.745597 0.000000 8.153244  0.000000
-4.726027 0.000000 8.780417  0.000000
-4.706458 0.000000 9.407590  0.000000
-4.686889 0.000000 10.034762  0.000000
-4.667319 0.000000 10.661935  -0.000000
-4.647749 0.000000 11.289107  -0.000000
-4.628180 0.000000 11.916281  -0.000000
-4.608611 0.000000 12.543453  -0.000000
-4.589041 0.000000 13.170626  -0.000000
-4.569472 0.000000 13.797798  -0.000000
-4.549902 0.000000 14.424972  -0.000000
-4.530333 0.000000 15.052144  0.000000
-4.510763 0.000000 15.679317  0.000000
-4.491194 0.000000 16.306488  0.000000
-4.471624 0.000000 16.933661  0.000000
-4.452055 0.000000 17.560835  0.000000
-4.432486 0.000000 18.188007  0.000000
-4.412916 0.000000 18.815180  0.000000
-4.393346 0.000000 19.442352  0.000000
-4.373777 0.000000 20.069525  -0.000000
-4.354208 0.000000 20.696699  -0.000000
-4.334638 0.000000 21.323870  -0.000000
-4.315068 0.000000 21.951042  -0.000000
-4.295499 0.000000 22.578215  -0.000000
-4.275929 0.000000 23.205389  -0.000000
-4.256360 0.000000 23.832561  0.000000
-4.236791 0.000000 24.459734  -0.000000
-4.217221 0.000000 25.086906  -0.000000
-4.197652 0.000000 25.714081  -0.000000
-4.178082 0.000000 26.341251  -0.000000
-4.158513 0.000000 26.968426  0.000000
-4.138943 0.000000 27.595596  0.000000
-4.119374 0.000000 28.222769  0.000000
-4.099804 0.000000 28.849943  0.000000
-4.080235 0.000000 29.477114  0.000000
-4.060665 0.000000 30.104288  -0.000000
-4.041096 0.000000 30.731459  -0.000000
-4.021526 0.000000 31.358633  -0.000000
-4.001957 0.000000 31.985807  -0.000000
-3.982388 0.000000 32.612976  -0.000000
-3.962818 0.000000 33.240150  -0.000000
-3.943249 0.000000 33.867321  -0.000000
-3.923679 0.000000 34.494495  -0.000000
-3.904109 0.000000 35.121670  0.000000
-3.884540 0.000000 35.748840  0.000000
-3.864971 0.000000 36.376015  0.000000
-3.845401 0.000000 37.003185  0.000000
-3.825832 0.000000 37.630360  0.000000
-3.806262 0.000001 38.257534  0.000000
-3.786693 0.000001 38.884705  0.000000
-3.767123 0.000001 39.511879  0.000000
-3.747554 0.000001 40.139050  0.000000
-3.727984 0.000001 40.766224  0.000000
-3.708415 0.000001 41.393398  0.000000
-3.688845 0.000001 42.020569  0.000000
-3.669276 0.000001 42.647739  0.000000
-3.649706 0.000002 43.274914  0.000000
-3.630137 0.000002 43.902084  0.000000
-3.610568 0.000002 44.529259  -0.000000
-3.590998 0.000003 45.156429  -0.000000
-3.571429 0.000003 45.783604  0.000000
-3.551859 0.000003 46.410778  0.000000
-3.532290 0.000004 47.037949  0.000000
-3.512720 0.000004 47.665123  0.000000
-3.493151 0.000005 48.292294  0.000000
-3.473581 0.000006 48.919468  0.000000
-3.454012 0.000007 49.546642  0.000000
-3.434442 0.000008 50.173813  -0.000000
-3.414873 0.000009 50.800987  -0.000000
-3.395303 0.000010 51.428162  -0.000000
-3.375734 0.000011 52.055328  -0.000000
-3.356164 0.000013 52.682503  -0.000000
-3.336595 0.000015 53.309677  -0.000000
-3.317025 0.000017 53.936852  -0.000000
-3.297456 0.000019 54.564022  -0.000000
-3.277886 0.000022 55.191193  -0.000000
-3.258317 0.000025 55.818367  0.000000
-3.238748 0.000028 56.445538  0.000000
-3.219178 0.000032 57.072712  0.000000
-3.199609 0.000036 57.699886  0.000000
-3.180039 0.000041 58.327053  0.000000
-3.160470 0.000046 58.954227  -0.000000
-3.140900 0.000052 59.581402  -0.000000
-3.121331 0.000059 60.208576  -0.000000
-3.101761 0.000066 60.835751  -0.000000
-3.082192 0.000075 61.462917  -0.000000
-3.062622 0.000084 62.090092  0.000000
-3.043053 0.000095 62.717266  0.000000
-3.023483 0.000107 63.344440  0.000000
-3.003914 0.000121 63.971615  0.000000
-2.984344 0.000136 64.598778  0.000000
-2.964775 0.000152 65.225952  -0.000000
-2.945205 0.000171 65.853127  -0.000000
-2.925636 0.000192 66.480301  -0.000000
-2.906067 0.000215 67.107475  -0.000000
-2.886497 0.000241 67.734642  -0.000000
-2.866928 0.000269 68.361816  -0.000000
-2.847358 0.000301 68.988991  -0.000000
-2.827789 0.000337 69.616165  -0.000000
-2.808219 0.000376 70.243340  0.000000
-2.788650 0.000419 70.870506  0.000000
-2.769080 0.000468 71.497681  0.000000
-2.749511 0.000521 72.124855  0.000000
-2.729941 0.000580 72.752029  -0.000000
-2.710372 0.000645 73.379204  -0.000000
-2.690802 0.000717 74.006371  -0.000000
-2.671233 0.000796 74.633545  -0.000000
-2.651663 0.000884 75.260719  0.000000
-2.632094 0.000980 75.887894  0.000000
-2.612525 0.001086 76.515068  0.000000
-2.592955 0.001202 77.142235  0.000000
-2.573385 0.001330 77.769409  -0.000000
-2.553816 0.001471 78.396584  -0.000000
-2.534247 0.001625 79.023758  -0.000000
-2.514677 0.001793 79.650932  -0.000000
-2.495108 0.001978 80.278099  -0.000000
-2.475538 0.002180 80.905273  0.000000
-2.455969 0.002401 81.532448  0.000000
-2.436399 0.002642 82.159622  0.000000
-2.416830 0.002906 82.786797  0.000000
-2.397260 0.003193 83.413963  0.000000
-2.377691 0.003506 84.041138  0.000000
-2.358121 0.003846 84.668312  0.000000
-2.338552 0.004216 85.295479  -0.000000
-2.318982 0.004619 85.922653  -0.000000
-2.299413 0.005055 86.549828  -0.000000
-2.279844 0.005529 87.176994  -0.000000
-2.260274 0.006043 87.804169  -0.000000
-2.240705 0.006600 88.431343  -0.000000
-2.221135 0.007202 89.058517  0.000000
-2.201566 0.007853 89.685692  0.000000
-2.181996 0.008556 90.312859  0.000000
-2.162427 0.009315 90.940033  -0.000000
-2.142857 0.010134 91.567207  -0.000000
-2.123288 0.011017 92.194382  -0.000000
-2.103718 0.011967 92.821556  -0.000000
-2.084149 0.012989 93.448723  -0.000000
-2.064579 0.014087 94.075897  0.000000
-2.045010 0.015267 94.703072  0.000000
-2.025440 0.016533 95.330246  0.000000
-2.005871 0.017890 95.957420  0.000000
-1.986301 0.019344 96.584587  -0.000000
-1.966732 0.020899 97.211761  -0.000000
-1.947162 0.022563 97.838936  -0.000000
-1.927593 0.024340 98.466110  -0.000000
-1.908024 0.026238 99.093285  -0.000000
-1.888454 0.028261 99.720451  0.000000
-1.868885 0.030418 100.347626  0.000000
-1.849315 0.032714 100.974792  0.000000
-1.829746 0.035156 101.601974  0.000000
-1.810176 0.037751 102.229141  0.000000
-1.790607 0.040507 102.856323  0.000000
-1.771037 0.043431 103.483490  0.000000
-1.751468 0.046531 104.110657  0.000000
-1.731898 0.049813 104.737839  0.000000
-1.712329 0.053287 105.365005  0.000000
-1.692759 0.056958 105.992188  -0.000000
-1.673190 0.060837 106.619354  -0.000000
-1.653620 0.064929 107.246521  -0.000000
-1.634051 0.069244 107.873703  -0.000000
-1.614481 0.073789 108.500870  -0.000000
-1.594912 0.078572 109.128044  -0.000000
-1.575342 0.083601 109.755219  -0.000000
-1.555773 0.088883 110.382385  0.000000
-1.536204 0.094428 111.009560  0.000000
-1.516634 0.100241 111.636734  0.000000
-1.497065 0.106331 112.263908  0.000000
-1.477495 0.112704 112.891075  -0.000000
-1.457926 0.119368 113.518250  -0.000000
-1.438356 0.126329 114.145424  -0.000000
-1.418787 0.133593 114.772591  -0.000000
-1.399217 0.141167 115.399773  -0.000000
-1.379648 0.149057 116.026939  0.000000
-1.360078 0.157267 116.654106  0.000000
-1.340509 0.165801 117.281288  0.000000
-1.320939 0.174666 117.908455  0.000000
-1.301370 0.183863 118.535637  0.000000
-1.281801 0.193397 119.162804  0.000000
-1.262231 0.203269 119.789970  0.000000
-1.242661 0.213481 120.417152  -0.000000
-1.223092 0.224035 121.044319  -0.000000
-1.203522 0.234930 121.671501  -0.000000
-1.183953 0.246167 122.298668  -0.000000
-1.164384 0.257744 122.925835  -0.000000
-1.144814 0.269658 123.553017  0.000000
-1.125245 0.281908 124.180183  0.000000
-1.105675 0.294488 124.807365  0.000000
-1.086106 0.307394 125.434532  -0.000000
-1.066536 0.320620 126.061699  -0.000000
-1.046967 0.334159 126.688881  -0.000000
-1.027397 0.348003 127.316048  -0.000000
-1.007828 0.362143 127.943230  -0.000000
-0.988258 0.376569 128.570389  0.000000
-0.968689 0.391270 129.197556  0.000000
-0.949120 0.406233 129.824738  0.000000
-0.929550 0.421446 130.451904  0.000000
-0.909980 0.436894 131.079086  -0.000000
-0.890411 0.452562 131.706253  -0.000000
-0.870842 0.468432 132.333420  -0.000000
-0.851272 0.484487 132.960602  -0.000000
-0.831703 0.500709 133.587769  -0.000000
-0.812133 0.517079 134.214951  -0.000000
-0.792563 0.533574 134.842117  -0.000000
-0.772994 0.550174 135.469284  0.000000
-0.753425 0.566857 136.096466  0.000000
-0.733855 0.583598 136.723633  0.000000
-0.714286 0.600373 137.350815  0.000000
-0.694716 0.617158 137.977982  0.000000
-0.675147 0.633926 138.605148  0.000000
-0.655577 0.650651 139.232330  0.000000
-0.636008 0.667306 139.859497  -0.000000
-0.616438 0.683864 140.486679  -0.000000
-0.596869 0.700296 141.113846  -0.000000
-0.577300 0.716573 141.741013  0.000000
-0.557730 0.732668 142.368195  0.000000
-0.538160 0.748551 142.995361  0.000000
-0.518591 0.764192 143.622543  0.000000
-0.499022 0.779562 144.249710  -0.000000
-0.479452 0.794633 144.876877  -0.000000
-0.459883 0.809376 145.504059  -0.000000
-0.440313 0.823760 146.131226  -0.000000
-0.420743 0.837759 146.758408  -0.000000
-0.401174 0.851343 147.385574  0.000000
-0.381605 0.864484 148.012741  0.000000
-0.362035 0.877157 148.639923  0.000000
-0.342466 0.889334 149.267090  0.000000
-0.322896 0.900989 149.894272  -0.000000
-0.303327 0.912099 150.521439  -0.000000
-0.283757 0.922638 151.148605  -0.000000
-0.264188 0.932585 151.775787  -0.000000
-0.244618 0.941917 152.402954  0.000000
-0.225049 0.950614 153.030136  0.000000
-0.205480 0.958657 153.657303  -0.000000
-0.185910 0.966028 154.284470  -0.000000
-0.166340 0.972710 154.911652  -0.000000
-0.146771 0.978689 155.538818  -0.000000
-0.127202 0.983950 156.166000  -0.000000
-0.107632 0.988482 156.793167  -0.000000
-0.088063 0.992275 157.420334  0.000000
-0.068493 0.995320 158.047516  0.000000
-0.048923 0.997609 158.674683  0.000000
-0.029354 0.999139 159.301865  0.000000
-0.009785 0.999904 159.929031  0.000000
0.009785 0.999904 -160.556198  -0.000000
0.029354 0.999139 -159.929031  0.000000
0.048923 0.997609 -159.301865  0.000000
0.068493 0.995320 -158.674683  0.000000
0.088063 0.992275 -158.047516  0.000000
0.107632 0.988482 -157.420334  0.000000
0.127202 0.983950 -156.793167  -0.000000
0.146771 0.978689 -156.166000  -0.000000
0.166340 0.972710 -155.538818  -0.000000
0.185910 0.966028 -154.911652  -0.000000
0.205480 0.958657 -154.284470  -0.000000
0.225049 0.950614 -153.657303  -0.000000
0.244618 0.941917 -153.030136  0.000000
0.264188 0.932585 -152.402954  0.000000
0.283757 0.922638 -151.775787  -0.000000
0.303327 0.912099 -151.148605  -0.000000
0.322896 0.900989 -150.521439  -0.000000
0.342466 0.889334 -149.894272  -0.000000
0.362035 0.877157 -149.267090  0.000000
0.381605 0.864484 -148.639923  0.000000
0.401174 0.851343 -148.012741  0.000000
0.420743 0.837759 -147.385574  0.000000
0.440313 0.823761 -146.758408  -0.000000
0.459883 0.809376 -146.131226  -0.000000
0.479452 0.794633 -145.504059  -0.000000
0.499022 0.779562 -144.876877  -0.000000
0.518591 0.764192 -144.249710  -0.000000
0.538160 0.748551 -143.622543  0.000000
0.557730 0.732668 -142.995361  0.000000
0.577300 0.716573 -142.368195  0.000000
0.596869 0.700296 -141.741013  0.000000
0.616438 0.683864 -141.113846  -0.000000
0.636008 0.667306 -140.486679  -0.000000
0.655577 0.650651 -139.859497  -0.000000
0.675147 0.633926 -139.232330  0.000000
0.694716 0.617158 -138.605148  0.000000
0.714286 0.600373 -137.977982  0.000000
0.733855 0.583598 -137.350815  0.000000
0.753425 0.566857 -136.723633  0.000000
0.772994 0.550174 -136.096466  0.000000
0.792563 0.533574 -135.469284  0.000000
0.812133 0.517079 -134.842117  -0.000000
0.831703 0.500709 -134.214951  -0.000000
0.851272 0.484487 -133.587769  -0.000000
0.870842 0.468432 -132.960602  -0.000000
0.890411 0.452562 -132.333420  -0.000000
0.909980 0.436894 -131.706253  -0.000000
0.929550 0.421446 -131.079086  -0.000000
0.949120 0.406233 -130.451904  0.000000
0.968689 0.391270 -129.824738  0.000000
0.988258 0.376569 -129.197556  0.000000
1.007828 0.362143 -128.570389  0.000000
1.027397 0.348003 -127.943230  -0.000000
1.046967 0.334159 -127.316048  -0.000000
1.066536 0.320620 -126.688881  -0.000000
1.086106 0.307394 -126.061699  -0.000000
1.105675 0.294488 -125.434532  -0.000000
1.125245 0.281908 -124.807365  0.000000
1.144814 0.269658 -124.180183  0.000000
1.164383 0.257744 -123.553017  0.000000
1.183953 0.246167 -122.925835  -0.000000
1.203523 0.234930 -122.298668  -0.000000
1.223092 0.224035 -121.671501  -0.000000
1.242661 0.213481 -121.044319  -0.000000
1.262231 0.203269 -120.417152  -0.000000
1.281800 0.193397 -119.789970  0.000000
1.301370 0.183863 -119.162804  0.000000
1.320939 0.174666 -118.535637  0.000000
1.340509 0.165801 -117.908455  0.000000
1.360078 0.157267 -117.281288  0.000000
1.379648 0.149057 -116.654106  0.000000
1.399217 0.141167 -116.026939  0.000000
1.418787 0.133593 -115.399773  -0.000000
1.438356 0.126329 -114.772591  -0.000000
1.457926 0.119368 -114.145424  -0.000000
1.477495 0.112704 -113.518250  -0.000000
1.497065 0.106331 -112.891075  -0.000000
1.516634 0.100241 -112.263908  0.000000
1.536203 0.094428 -111.636734  0.000000
1.555773 0.088883 -111.009560  0.000000
1.575342 0.083601 -110.382385  0.000000
1.594912 0.078572 -109.755219  -0.000000
1.614481 0.073789 -109.128044  -0.000000
1.634051 0.069244 -108.500870  -0.000000
1.653620 0.064929 -107.873703  -0.000000
1.673190 0.060837 -107.246521  -0.000000
1.692759 0.056958 -106.619354  -0.000000
1.712329 0.053287 -105.992188  -0.000000
1.731898 0.049813 -105.365005  0.000000
1.751468 0.046531 -104.737839  0.000000
1.771037 0.043431 -104.110657  0.000000
1.790606 0.040507 -103.483490  0.000000
1.810176 0.037751 -102.856323  0.000000
1.829746 0.035156 -102.229141  0.000000
1.849315 0.032714 -101.601974  0.000000
1.868885 0.030418 -100.974792  0.000000
1.888454 0.028261 -100.347626  0.000000
1.908023 0.026238 -99.720451  0.000000
1.927593 0.024340 -99.093285  -0.000000
1.947162 0.022563 -98.466110  -0.000000
1.966732 0.020899 -97.838936  -0.000000
1.986301 0.019344 -97.211761  -0.000000
2.005871 0.017890 -96.584587  -0.000000
2.025440 0.016533 -95.957420  0.000000
2.045010 0.015267 -95.330246  0.000000
2.064579 0.014087 -94.703072  0.000000
2.084149 0.012989 -94.075897  0.000000
2.103718 0.011967 -93.448723  -0.000000
2.123288 0.011017 -92.821556  -0.000000
2.142857 0.010134 -92.194382  -0.000000
2.162426 0.009315 -91.567207  -0.000000
2.181996 0.008556 -90.940033  -0.000000
2.201566 0.007853 -90.312859  0.000000
2.221135 0.007202 -89.685692  0.000000
2.240705 0.006600 -89.058517  0.000000
2.260274 0.006043 -88.431343  -0.000000
2.279843 0.005529 -87.804169  -0.000000
2.299413 0.005055 -87.176994  -0.000000
2.318982 0.004619 -86.549828  -0.000000
2.338552 0.004216 -85.922653  -0.000000
2.358121 0.003846 -85.295479  -0.000000
2.377691 0.003506 -84.668312  0.000000
2.397260 0.003193 -84.041138  0.000000
2.416830 0.002906 -83.413963  0.000000
2.436399 0.002642 -82.786797  0.000000
2.455969 0.002401 -82.159622  0.000000
2.475538 0.002180 -81.532448  0.000000
2.495108 0.001978 -80.905273  0.000000
2.514677 0.001793 -80.278099  -0.000000
2.534246 0.001625 -79.650932  -0.000000
2.553816 0.001471 -79.023758  -0.000000
2.573385 0.001330 -78.396584  -0.000000
2.592955 0.001202 -77.769409  -0.000000
2.612525 0.001086 -77.142235  0.000000
2.632094 0.000980 -76.515068  0.000000
2.651663 0.000884 -75.887894  0.000000
2.671233 0.000796 -75.260719  0.000000
2.690802 0.000717 -74.633545  -0.000000
2.710372 0.000645 -74.006371  -0.000000
2.729941 0.000580 -73.379204  -0.000000
2.749511 0.000521 -72.752029  -0.000000
2.769080 0.000468 -72.124855  0.000000
2.788650 0.000419 -71.497681  0.000000
2.808219 0.000376 -70.870506  0.000000
2.827788 0.000337 -70.243340  0.000000
2.847358 0.000301 -69.616165  -0.000000
2.866928 0.000269 -68.988991  -0.000000
2.886497 0.000241 -68.361816  -0.000000
2.906066 0.000215 -67.734642  -0.000000
2.925636 0.000192 -67.107475  -0.000000
2.945205 0.000171 -66.480301  -0.000000
2.964775 0.000152 -65.853127  -0.000000
2.984344 0.000136 -65.225952  -0.000000
3.003914 0.000121 -64.598778  0.000000
3.023483 0.000107 -63.971615  0.000000
3.043053 0.000095 -63.344440  0.000000
3.062622 0.000084 -62.717266  0.000000
3.082191 0.000075 -62.090092  0.000000
3.101761 0.000066 -61.462917  -0.000000
3.121330 0.000059 -60.835751  -0.000000
3.140900 0.000052 -60.208576  -0.000000
3.160470 0.000046 -59.581402  -0.000000
3.180039 0.000041 -58.954227  -0.000000
3.199609 0.000036 -58.327053  0.000000
3.219178 0.000032 -57.699886  0.000000
3.238748 0.000028 -57.072712  0.000000
3.258317 0.000025 -56.445538  0.000000
3.277886 0.000022 -55.818367  0.000000
3.297456 0.000019 -55.191193  -0.000000
3.317025 0.000017 -54.564022  -0.000000
3.336595 0.000015 -53.936852  -0.000000
3.356164 0.000013 -53.309677  -0.000000
3.375733 0.000011 -52.682503  -0.000000
3.395304 0.000010 -52.055328  -0.000000
3.414873 0.000009 -51.428162  -0.000000
3.434443 0.000008 -50.800987  -0.000000
3.454012 0.000007 -50.173813  -0.000000
3.473581 0.000006 -49.546642  0.000000
3.493151 0.000005 -48.919468  0.000000
3.512720 0.000004 -48.292294  0.000000
3.532290 0.000004 -47.665123  0.000000
3.551859 0.000003 -47.037949  0.000000
3.571428 0.000003 -46.410778  0.000000
3.590998 0.000003 -45.783604  0.000000
3.610567 0.000002 -45.156429  -0.000000
3.630136 0.000002 -44.529259  -0.000000
3.649707 0.000002 -43.902084  0.000000
3.669276 0.000001 -43.274914  0.000000
3.688846 0.000001 -42.647739  0.000000
3.708415 0.000001 -42.020569  0.000000
3.727984 0.000001 -41.393398  0.000000
3.747554 0.000001 -40.766224  0.000000
3.767123 0.000001 -40.139050  0.000000
3.786693 0.000001 -39.511879  0.000000
3.806262 0.000001 -38.884705  0.000000
3.825831 0.000000 -38.257534  0.000000
3.845401 0.000000 -37.630360  0.000000
3.864970 0.000000 -37.003185  0.000000
3.884540 0.000000 -36.376015  0.000000
3.904110 0.000000 -35.748840  0.000000
3.923679 0.000000 -35.121670  0.000000
3.943249 0.000000 -34.494495  -0.000000
3.962818 0.000000 -33.867321  -0.000000
3.982388 0.000000 -33.240150  -0.000000
4.001957 0.000000 -32.612976  -0.000000
4.021526 0.000000 -31.985807  -0.000000
4.041096 0.000000 -31.358633  -0.000000
4.060665 0.000000 -30.731459  -0.000000
4.080235 0.000000 -30.104288  -0.000000
4.099804 0.000000 -29.477114  0.000000
4.119373 0.000000 -28.849943  0.000000
4.138943 0.000000 -28.222769  0.000000
4.158513 0.000000 -27.595596  0.000000
4.178082 0.000000 -26.968426  0.000000
4.197652 0.000000 -26.341251  -0.000000
4.217221 0.000000 -25.714081  -0.000000
4.236791 0.000000 -25.086906  -0.000000
4.256360 0.000000 -24.459734  -0.000000
4.275929 0.000000 -23.832561  0.000000
4.295499 0.000000 -23.205389  -0.000000
4.315068 0.000000 -22.578215  -0.000000
4.334638 0.000000 -21.951042  -0.000000
4.354207 0.000000 -21.323870  -0.000000
4.373776 0.000000 -20.696699  -0.000000
4.393347 0.000000 -20.069525  -0.000000
4.412916 0.000000 -19.442352  0.000000
4.432486 0.000000 -18.815180  0.000000
4.452055 0.000000 -18.188007  0.000000
4.471624 0.000000 -17.560835  0.000000
4.491194 0.000000 -16.933661  0.000000
4.510763 0.000000 -16.306488  0.000000
4.530333 0.000000 -15.679317  0.000000
4.549902 0.000000 -15.052144  0.000000
4.569471 0.000000 -14.424972  -0.000000
4.589041 0.000000 -13.797798  -0.000000
4.608610 0.000000 -13.170626  -0.000000
4.628180 0.000000 -12.543453  -0.000000
4.647750 0.000000 -11.916281  -0.000000
4.667319 0.000000 -11.289107  -0.000000
4.686889 0.000000 -10.661935  -0.000000
4.706458 0.000000 -10.034762  0.000000
4.726027 0.000000 -9.407590  0.000000
4.745597 0.000000 -8.780417  0.000000
4.765166 0.000000 -8.153244  0.000000
4.784736 0.000000 -7.526072  0.000000
4.804305 0.000000 -6.898899  0.000005
4.823874 0.000000 -6.271727  0.000038
4.843444 0.000000 -5.644554  0.000246
4.863013 0.000000 -5.017381  0.001309
4.882583 0.000000 -4.390209  0.005719
4.902153 0.000000 -3.763036  0.020531
4.921722 0.000000 -3.135863  0.060542
4.941292 0.000000 -2.508691  0.146664
4.960861 0.000000 -1.881518  0.291873
4.980431 0.000000 -1.254345  0.477170
5.000000 0.000000 -0.627173  0.640857
