#X_val f(x)  k_val   FT(f(x))
-50.000000 -0.005247 0.000000  1.237571
-49.804306 -0.008935 0.062717  1.268956
-49.608612 -0.012309 0.125435  1.237323
-49.412914 -0.015238 0.188152  1.269461
-49.217220 -0.017607 0.250869  1.236531
-49.021526 -0.019319 0.313586  1.270576
-48.825832 -0.020305 0.376304  1.235022
-48.630138 -0.020521 0.439021  1.272570
-48.434441 -0.019951 0.501738  1.232387
-48.238747 -0.018613 0.564455  1.276067
-48.043053 -0.016550 0.627173  1.227634
-47.847359 -0.013835 0.689890  1.282721
-47.651665 -0.010569 0.752607  1.217803
-47.455967 -0.006870 0.815324  1.298429
-47.260273 -0.002877 0.878042  1.189030
-47.064579 0.001259 0.940759  1.367576
-46.868885 0.005382 1.003476  0.555900
-46.673191 0.009333 1.066194  -0.106611
-46.477493 0.012959 1.128911  0.056310
-46.281799 0.016119 1.191628  -0.037284
-46.086105 0.018689 1.254345  0.027425
-45.890411 0.020563 1.317062  -0.021436
-45.694717 0.021665 1.379780  0.017433
-45.499023 0.021946 1.442497  -0.014578
-45.303326 0.021388 1.505214  0.012446
-45.107632 0.020006 1.567932  -0.010798
-44.911938 0.017844 1.630649  0.009489
-44.716244 0.014979 1.693366  -0.008426
-44.520546 0.011515 1.756083  0.007548
-44.324852 0.007578 1.818801  -0.006812
-44.129158 0.003316 1.881518  0.006186
-43.933464 -0.001111 1.944235  -0.005650
-43.737770 -0.005535 2.006953  0.005185
-43.542076 -0.009787 2.069670  -0.004779
-43.346378 -0.013702 2.132387  0.004422
-43.150684 -0.017126 2.195104  -0.004105
-42.954990 -0.019926 2.257822  0.003823
-42.759296 -0.021986 2.320539  -0.003571
-42.563602 -0.023223 2.383256  0.003344
-42.367905 -0.023580 2.445973  -0.003139
-42.172211 -0.023037 2.508691  0.002953
-41.976517 -0.021604 2.571408  -0.002784
-41.780823 -0.019330 2.634125  0.002629
-41.585129 -0.016293 2.696842  -0.002488
-41.389435 -0.012602 2.759560  0.002358
-41.193737 -0.008393 2.822277  -0.002238
-40.998043 -0.003822 2.884994  0.002127
-40.802349 0.000940 2.947711  -0.002024
-40.606651 0.005711 3.010429  0.001929
-40.410957 0.010310 3.073146  -0.001841
-40.215263 0.014558 3.135863  0.001759
-40.019569 0.018289 3.198581  -0.001682
-39.823875 0.021355 3.261298  0.001610
-39.628181 0.023632 3.324015  -0.001542
-39.432487 0.025025 3.386732  0.001479
-39.236790 0.025472 3.449450  -0.001420
-39.041096 0.024946 3.512167  0.001364
-38.845402 0.023458 3.574884  -0.001312
-38.649708 0.021055 3.637601  0.001262
-38.454010 0.017819 3.700319  -0.001215
-38.258316 0.013867 3.763036  0.001171
-38.062622 0.009341 3.825753  -0.001129
-37.866928 0.004411 3.888471  0.001090
-37.671234 -0.000740 3.951188  -0.001052
-37.475540 -0.005916 4.013905  0.001016
-37.279842 -0.010920 4.076622  -0.000983
-37.084148 -0.015557 4.139339  0.000950
-36.888454 -0.019647 4.202057  -0.000919
-36.692760 -0.023026 4.264774  0.000890
-36.497063 -0.025558 4.327491  -0.000862
-36.301369 -0.027136 4.390209  0.000835
-36.105675 -0.027689 4.452926  -0.000810
-35.909981 -0.027186 4.515643  0.000786
-35.714287 -0.025634 4.578361  -0.000762
-35.518593 -0.023081 4.641078  0.000740
-35.322895 -0.019614 4.703795  -0.000719
-35.127201 -0.015355 4.766512  0.000698
-34.931507 -0.010458 4.829229  -0.000679
-34.735813 -0.005106 4.891947  0.000660
-34.540115 0.000504 4.954664  -0.000642
-34.344421 0.006158 5.017381  0.000624
-34.148727 0.011640 5.080099  -0.000608
-33.953033 0.016739 5.142816  0.000592
-33.757339 0.021254 5.205533  -0.000576
-33.561646 0.025006 5.268250  0.000561
-33.365952 0.027841 5.330967  -0.000546
-33.170254 0.029641 5.393685  0.000534
-32.974560 0.030324 5.456402  -0.000519
-32.778866 0.029851 5.519119  0.000507
-32.583168 0.028225 5.581837  -0.000494
-32.387474 0.025496 5.644554  0.000483
-32.191780 0.021755 5.707271  -0.000470
-31.996086 0.017132 5.769989  0.000460
-31.800392 0.011794 5.832706  -0.000448
-31.604696 0.005937 5.895423  0.000439
-31.409002 -0.000220 5.958140  -0.000428
-31.213306 -0.006447 6.020857  0.000419
-31.017612 -0.012505 6.083575  -0.000409
-30.821918 -0.018159 6.146292  0.000400
-30.626223 -0.023187 6.209010  -0.000391
-30.430529 -0.027390 6.271727  0.000382
-30.234835 -0.030595 6.334444  -0.000373
-30.039139 -0.032665 6.397161  0.000366
-29.843445 -0.033508 6.459878  -0.000358
-29.647749 -0.033074 6.522596  0.000350
-29.452055 -0.031364 6.585313  -0.000343
-29.256361 -0.028425 6.648031  0.000335
-29.060665 -0.024355 6.710748  -0.000329
-28.864971 -0.019293 6.773465  0.000321
-28.669275 -0.013420 6.836182  -0.000315
-28.473581 -0.006951 6.898899  0.000308
-28.277887 -0.000126 6.961617  -0.000303
-28.082191 0.006800 7.024334  0.000295
-27.886497 0.013562 7.087051  -0.000291
-27.690802 0.019897 7.149768  0.000284
-27.495108 0.025558 7.212486  -0.000279
-27.299414 0.030318 7.275203  0.000273
-27.103718 0.033980 7.337920  -0.000268
-26.908024 0.036389 7.400637  0.000262
-26.712330 0.037434 7.463355  -0.000257
-26.516634 0.037055 7.526072  0.000252
-26.320940 0.035246 7.588789  -0.000248
-26.125244 0.032053 7.651506  0.000243
-25.929550 0.027580 7.714224  -0.000238
-25.733856 0.021977 7.776941  0.000234
-25.538160 0.015444 7.839658  -0.000229
-25.342466 0.008215 7.902375  0.000225
-25.146770 0.000558 7.965093  -0.000221
-24.951077 -0.007241 8.027810  0.000217
-24.755383 -0.014884 8.090528  -0.000213
-24.559687 -0.022077 8.153244  0.000209
-24.363993 -0.028535 8.215962  -0.000205
-24.168297 -0.034000 8.278679  0.000201
-23.972603 -0.038246 8.341396  -0.000198
-23.776909 -0.041090 8.404114  0.000194
-23.581213 -0.042399 8.466830  -0.000191
-23.385519 -0.042098 8.529549  0.000187
-23.189823 -0.040171 8.592265  -0.000184
-22.994129 -0.036665 8.654983  0.000181
-22.798435 -0.031687 8.717700  -0.000177
-22.602739 -0.025403 8.780417  0.000174
-22.407045 -0.018031 8.843135  -0.000171
-22.211351 -0.009834 8.905851  0.000168
-22.015656 -0.001113 8.968569  -0.000165
-21.819962 0.007807 9.031286  0.000162
-21.624266 0.016588 9.094004  -0.000159
-21.428572 0.024890 9.156721  0.000157
-21.232878 0.032387 9.219438  -0.000154
-21.037182 0.038775 9.282156  0.000151
-20.841488 0.043789 9.344872  -0.000149
-20.645792 0.047210 9.407590  0.000146
-20.450098 0.048878 9.470307  -0.000143
-20.254404 0.048694 9.533025  0.000141
-20.058708 0.046629 9.595742  -0.000138
-19.863014 0.042726 9.658459  0.000136
-19.667318 0.037098 9.721176  -0.000134
-19.471624 0.029926 9.783894  0.000131
-19.275930 0.021455 9.846611  -0.000129
-19.080235 0.011983 9.909328  0.000127
-18.884541 0.001852 9.972045  -0.000125
-18.688847 -0.008562 10.034762  0.000122
-18.493151 -0.018867 10.097480  -0.000120
-18.297457 -0.028664 10.160197  0.000118
-18.101761 -0.037567 10.222914  -0.000116
-17.906067 -0.045214 10.285631  0.000114
-17.710373 -0.051286 10.348350  -0.000112
-17.514679 -0.055513 10.411066  0.000110
-17.318981 -0.057693 10.473783  -0.000108
-17.123287 -0.057696 10.536500  0.000106
-16.927593 -0.055470 10.599218  -0.000105
-16.731899 -0.051050 10.661935  0.000103
-16.536205 -0.044553 10.724652  -0.000101
-16.340508 -0.036180 10.787370  0.000099
-16.144814 -0.026206 10.850087  -0.000097
-15.949120 -0.014974 10.912805  0.000096
-15.753426 -0.002885 10.975521  -0.000094
-15.557732 0.009620 11.038239  0.000092
-15.362034 0.022072 11.100956  -0.000090
-15.166340 0.033992 11.163673  0.000089
-14.970646 0.044908 11.226391  -0.000087
-14.774952 0.054377 11.289107  0.000086
-14.579258 0.061996 11.351826  -0.000084
-14.383560 0.067424 11.414542  0.000083
-14.187866 0.070392 11.477260  -0.000081
-13.992172 0.070719 11.539977  0.000079
-13.796478 0.068316 11.602695  -0.000078
-13.600784 0.063200 11.665412  0.000076
-13.405087 0.055485 11.728128  -0.000075
-13.209393 0.045393 11.790846  0.000074
-13.013699 0.033239 11.853563  -0.000072
-12.818005 0.019425 11.916281  0.000071
-12.622311 0.004430 11.978998  -0.000070
-12.426613 -0.011210 12.041715  0.000068
-12.230919 -0.026915 12.104432  -0.000067
-12.035225 -0.042087 12.167150  0.000065
-11.839531 -0.056126 12.229867  -0.000064
-11.643837 -0.068460 12.292584  0.000063
-11.448143 -0.078557 12.355301  -0.000062
-11.252445 -0.085954 12.418019  0.000060
-11.056751 -0.090273 12.480736  -0.000059
-10.861057 -0.091240 12.543453  0.000058
-10.665363 -0.088696 12.606171  -0.000057
-10.469669 -0.082607 12.668887  0.000055
-10.273972 -0.073073 12.731605  -0.000054
-10.078278 -0.060325 12.794323  0.000053
-9.882584 -0.044723 12.857040  -0.000052
-9.686890 -0.026750 12.919757  0.000050
-9.491196 -0.006993 12.982474  -0.000049
-9.295498 0.013869 13.045192  0.000048
-9.099804 0.035087 13.107908  -0.000047
-8.904110 0.055869 13.170626  0.000046
-8.708416 0.075404 13.233342  -0.000045
-8.512722 0.092892 13.296062  0.000044
-8.317024 0.107574 13.358778  -0.000042
-8.121330 0.118758 13.421495  0.000042
-7.925636 0.125849 13.484213  -0.000040
-7.729942 0.128373 13.546929  0.000039
-7.534248 0.126001 13.609647  -0.000038
-7.338551 0.118563 13.672363  0.000037
-7.142857 0.106068 13.735081  -0.000036
-6.947163 0.088706 13.797798  0.000035
-6.751469 0.066853 13.860517  -0.000034
-6.555775 0.041067 13.923233  0.000033
-6.360077 0.012078 13.985950  -0.000032
-6.164383 -0.019227 14.048668  0.000031
-5.968689 -0.051827 14.111384  -0.000030
-5.772995 -0.084591 14.174102  0.000029
-5.577301 -0.116312 14.236819  -0.000028
-5.381603 -0.145739 14.299536  0.000027
-5.185909 -0.171613 14.362254  -0.000026
-4.990215 -0.192708 14.424972  0.000025
-4.794521 -0.207868 14.487689  -0.000024
-4.598827 -0.216046 14.550406  0.000023
-4.403130 -0.216337 14.613123  -0.000022
-4.207436 -0.208012 14.675840  0.000021
-4.011742 -0.190547 14.738557  -0.000020
-3.816048 -0.163644 14.801274  0.000019
-3.620354 -0.127247 14.863993  -0.000018
-3.424660 -0.081556 14.926710  0.000017
-3.228962 -0.027024 14.989427  -0.000016
-3.033268 0.035642 15.052144  0.000015
-2.837574 0.105498 15.114861  -0.000014
-2.641880 0.181376 15.177578  0.000013
-2.446186 0.261917 15.240295  -0.000012
-2.250488 0.345599 15.303013  0.000011
-2.054794 0.430769 15.365729  -0.000010
-1.859100 0.515694 15.428448  0.000009
-1.663406 0.598600 15.491165  -0.000008
-1.467712 0.677716 15.553883  0.000007
-1.272015 0.751325 15.616599  -0.000006
-1.076321 0.817802 15.679317  0.000006
-0.880627 0.875670 15.742034  -0.000005
-0.684933 0.923625 15.804750  0.000004
-0.489239 0.960582 15.867468  -0.000003
-0.293541 0.985701 15.930186  0.000002
-0.097847 0.998405 15.992904  -0.000001
0.097847 0.998405 -16.055620  -0.000000
0.293541 0.985701 -15.992904  -0.000001
0.489235 0.960583 -15.930186  0.000002
0.684933 0.923625 -15.867468  -0.000003
0.880627 0.875670 -15.804750  0.000004
1.076321 0.817802 -15.742034  -0.000005
1.272015 0.751325 -15.679317  0.000006
1.467709 0.677717 -15.616599  -0.000006
1.663406 0.598600 -15.553883  0.000007
1.859100 0.515694 -15.491165  -0.000008
2.054794 0.430769 -15.428448  0.000009
2.250488 0.345599 -15.365729  -0.000010
2.446182 0.261919 -15.303013  0.000011
2.641880 0.181376 -15.240295  -0.000012
2.837574 0.105498 -15.177578  0.000013
3.033268 0.035642 -15.114861  -0.000014
3.228962 -0.027024 -15.052144  0.000015
3.424656 -0.081555 -14.989427  -0.000016
3.620354 -0.127247 -14.926710  0.000017
3.816048 -0.163644 -14.863993  -0.000018
4.011742 -0.190547 -14.801274  0.000019
4.207436 -0.208012 -14.738557  -0.000020
4.403130 -0.216337 -14.675840  0.000021
4.598824 -0.216046 -14.613123  -0.000022
4.794521 -0.207868 -14.550406  0.000023
4.990215 -0.192708 -14.487689  -0.000024
5.185909 -0.171613 -14.424972  0.000025
5.381603 -0.145739 -14.362254  -0.000026
5.577297 -0.116313 -14.299536  0.000027
5.772995 -0.084591 -14.236819  -0.000028
5.968689 -0.051827 -14.174102  0.000029
6.164383 -0.019227 -14.111384  -0.000030
6.360077 0.012078 -14.048668  0.000031
6.555771 0.041066 -13.985950  -0.000032
6.751469 0.066853 -13.923233  0.000033
6.947163 0.088706 -13.860517  -0.000034
7.142857 0.106068 -13.797798  0.000035
7.338551 0.118563 -13.735081  -0.000036
7.534245 0.126000 -13.672363  0.000037
7.729942 0.128373 -13.609647  -0.000038
7.925636 0.125849 -13.546929  0.000039
8.121330 0.118758 -13.484213  -0.000040
8.317024 0.107574 -13.421495  0.000042
8.512718 0.092892 -13.358778  -0.000042
8.708416 0.075404 -13.296062  0.000044
8.904110 0.055869 -13.233342  -0.000045
9.099804 0.035087 -13.170626  0.000046
9.295498 0.013869 -13.107908  -0.000047
9.491192 -0.006992 -13.045192  0.000048
9.686890 -0.026750 -12.982474  -0.000049
9.882584 -0.044723 -12.919757  0.000050
10.078278 -0.060325 -12.857040  -0.000052
10.273972 -0.073073 -12.794323  0.000053
10.469666 -0.082607 -12.731605  -0.000054
10.665363 -0.088696 -12.668887  0.000055
10.861057 -0.091240 -12.606171  -0.000057
11.056751 -0.090273 -12.543453  0.000058
11.252445 -0.085954 -12.480736  -0.000059
11.448139 -0.078557 -12.418019  0.000060
11.643837 -0.068460 -12.355301  -0.000062
11.839531 -0.056126 -12.292584  0.000063
12.035225 -0.042087 -12.229867  -0.000064
12.230919 -0.026915 -12.167150  0.000065
12.426613 -0.011210 -12.104432  -0.000067
12.622307 0.004429 -12.041715  0.000068
12.818005 0.019425 -11.978998  -0.000070
13.013699 0.033239 -11.916281  0.000071
13.209393 0.045393 -11.853563  -0.000072
13.405087 0.055485 -11.790846  0.000074
13.600780 0.063199 -11.728128  -0.000075
13.796478 0.068316 -11.665412  0.000076
13.992172 0.070719 -11.602695  -0.000078
14.187866 0.070392 -11.539977  0.000079
14.383560 0.067424 -11.477260  -0.000081
14.579254 0.061996 -11.414542  0.000083
14.774948 0.054377 -11.351826  -0.000084
14.970642 0.044908 -11.289107  0.000086
15.166344 0.033991 -11.226391  -0.000087
15.362038 0.022072 -11.163673  0.000089
15.557732 0.009620 -11.100956  -0.000090
15.753426 -0.002885 -11.038239  0.000092
15.949120 -0.014974 -10.975521  -0.000094
16.144814 -0.026206 -10.912805  0.000096
16.340508 -0.036180 -10.850087  -0.000097
16.536201 -0.044553 -10.787370  0.000099
16.731895 -0.051050 -10.724652  -0.000101
16.927589 -0.055470 -10.661935  0.000103
17.123283 -0.057696 -10.599218  -0.000105
17.318985 -0.057693 -10.536500  0.000106
17.514679 -0.055513 -10.473783  -0.000108
17.710373 -0.051286 -10.411066  0.000110
17.906067 -0.045214 -10.348350  -0.000112
18.101761 -0.037567 -10.285631  0.000114
18.297455 -0.028664 -10.222914  -0.000116
18.493149 -0.018867 -10.160197  0.000118
18.688843 -0.008562 -10.097480  -0.000120
18.884537 0.001852 -10.034762  0.000122
19.080231 0.011983 -9.972045  -0.000125
19.275932 0.021455 -9.909328  0.000127
19.471626 0.029927 -9.846611  -0.000129
19.667320 0.037098 -9.783894  0.000131
19.863014 0.042726 -9.721176  -0.000134
20.058708 0.046629 -9.658459  0.000136
20.254402 0.048694 -9.595742  -0.000138
20.450096 0.048878 -9.533025  0.000141
20.645790 0.047210 -9.470307  -0.000143
20.841484 0.043789 -9.407590  0.000146
21.037178 0.038775 -9.344872  -0.000149
21.232880 0.032387 -9.282156  0.000151
21.428574 0.024890 -9.219438  -0.000154
21.624268 0.016588 -9.156721  0.000157
21.819962 0.007807 -9.094004  -0.000159
22.015656 -0.001113 -9.031286  0.000162
22.211349 -0.009834 -8.968569  -0.000165
22.407043 -0.018030 -8.905851  0.000168
22.602737 -0.025403 -8.843135  -0.000171
22.798431 -0.031687 -8.780417  0.000174
22.994125 -0.036665 -8.717700  -0.000177
23.189827 -0.040171 -8.654983  0.000181
23.385521 -0.042098 -8.592265  -0.000184
23.581215 -0.042399 -8.529549  0.000187
23.776909 -0.041090 -8.466830  -0.000191
23.972603 -0.038246 -8.404114  0.000194
24.168297 -0.034000 -8.341396  -0.000198
24.363991 -0.028535 -8.278679  0.000201
24.559685 -0.022077 -8.215962  -0.000205
24.755379 -0.014884 -8.153244  0.000209
24.951073 -0.007241 -8.090528  -0.000213
25.146774 0.000558 -8.027810  0.000217
25.342468 0.008215 -7.965093  -0.000221
25.538162 0.015444 -7.902375  0.000225
25.733856 0.021977 -7.839658  -0.000229
25.929550 0.027580 -7.776941  0.000234
26.125244 0.032053 -7.714224  -0.000238
26.320938 0.035246 -7.651506  0.000243
26.516632 0.037055 -7.588789  -0.000248
26.712326 0.037434 -7.526072  0.000252
26.908020 0.036389 -7.463355  -0.000257
27.103714 0.033980 -7.400637  0.000262
27.299416 0.030318 -7.337920  -0.000268
27.495110 0.025558 -7.275203  0.000273
27.690804 0.019897 -7.212486  -0.000279
27.886497 0.013562 -7.149768  0.000284
28.082191 0.006800 -7.087051  -0.000291
28.277885 -0.000126 -7.024334  0.000295
28.473579 -0.006951 -6.961617  -0.000303
28.669273 -0.013420 -6.898899  0.000308
28.864967 -0.019293 -6.836182  -0.000315
29.060661 -0.024355 -6.773465  0.000321
29.256363 -0.028425 -6.710748  -0.000329
29.452057 -0.031364 -6.648031  0.000335
29.647751 -0.033074 -6.585313  -0.000343
29.843445 -0.033508 -6.522596  0.000350
30.039139 -0.032665 -6.459878  -0.000358
30.234833 -0.030595 -6.397161  0.000366
30.430527 -0.027390 -6.334444  -0.000373
30.626221 -0.023188 -6.271727  0.000382
30.821915 -0.018159 -6.209010  -0.000391
31.017609 -0.012505 -6.146292  0.000400
31.213310 -0.006447 -6.083575  -0.000409
31.409004 -0.000220 -6.020857  0.000419
31.604698 0.005937 -5.958140  -0.000428
31.800392 0.011794 -5.895423  0.000439
31.996086 0.017132 -5.832706  -0.000448
32.191780 0.021755 -5.769989  0.000460
32.387474 0.025496 -5.707271  -0.000470
32.583168 0.028225 -5.644554  0.000483
32.778862 0.029851 -5.581837  -0.000494
32.974556 0.030324 -5.519119  0.000507
33.170258 0.029641 -5.456402  -0.000519
33.365952 0.027841 -5.393685  0.000534
33.561646 0.025006 -5.330967  -0.000546
33.757339 0.021254 -5.268250  0.000561
33.953033 0.016739 -5.205533  -0.000576
34.148727 0.011640 -5.142816  0.000592
34.344421 0.006158 -5.080099  -0.000608
34.540115 0.000504 -5.017381  0.000624
34.735809 -0.005106 -4.954664  -0.000642
34.931503 -0.010458 -4.891947  0.000660
35.127197 -0.015355 -4.829229  -0.000679
35.322899 -0.019614 -4.766512  0.000698
35.518593 -0.023081 -4.703795  -0.000719
35.714287 -0.025634 -4.641078  0.000740
35.909981 -0.027186 -4.578361  -0.000762
36.105675 -0.027689 -4.515643  0.000786
36.301369 -0.027136 -4.452926  -0.000810
36.497063 -0.025558 -4.390209  0.000835
36.692757 -0.023026 -4.327491  -0.000862
36.888451 -0.019647 -4.264774  0.000890
37.084145 -0.015557 -4.202057  -0.000919
37.279846 -0.010920 -4.139339  0.000950
37.475540 -0.005916 -4.076622  -0.000983
37.671234 -0.000740 -4.013905  0.001016
37.866928 0.004411 -3.951188  -0.001052
38.062622 0.009341 -3.888471  0.001090
38.258316 0.013867 -3.825753  -0.001129
38.454010 0.017819 -3.763036  0.001171
38.649704 0.021055 -3.700319  -0.001215
38.845398 0.023458 -3.637601  0.001262
39.041092 0.024946 -3.574884  -0.001312
39.236794 0.025472 -3.512167  0.001364
39.432487 0.025025 -3.449450  -0.001420
39.628181 0.023632 -3.386732  0.001479
39.823875 0.021355 -3.324015  -0.001542
40.019569 0.018289 -3.261298  0.001610
40.215263 0.014558 -3.198581  -0.001682
40.410957 0.010310 -3.135863  0.001759
40.606651 0.005711 -3.073146  -0.001841
40.802345 0.000940 -3.010429  0.001929
40.998039 -0.003822 -2.947711  -0.002024
41.193741 -0.008393 -2.884994  0.002127
41.389435 -0.012602 -2.822277  -0.002238
41.585129 -0.016293 -2.759560  0.002358
41.780823 -0.019330 -2.696842  -0.002488
41.976517 -0.021604 -2.634125  0.002629
42.172211 -0.023037 -2.571408  -0.002784
42.367905 -0.023580 -2.508691  0.002953
42.563599 -0.023223 -2.445973  -0.003139
42.759293 -0.021987 -2.383256  0.003344
42.954987 -0.019926 -2.320539  -0.003571
43.150681 -0.017127 -2.257822  0.003823
43.346382 -0.013702 -2.195104  -0.004105
43.542076 -0.009787 -2.132387  0.004422
43.737770 -0.005535 -2.069670  -0.004779
43.933464 -0.001111 -2.006953  0.005185
44.129158 0.003316 -1.944235  -0.005650
44.324852 0.007578 -1.881518  0.006186
44.520546 0.011515 -1.818801  -0.006812
44.716240 0.014979 -1.756083  0.007548
44.911934 0.017844 -1.693366  -0.008426
45.107628 0.020006 -1.630649  0.009489
45.303329 0.021389 -1.567932  -0.010798
45.499023 0.021946 -1.505214  0.012446
45.694717 0.021665 -1.442497  -0.014578
45.890411 0.020563 -1.379780  0.017433
46.086105 0.018689 -1.317062  -0.021436
46.281799 0.016119 -1.254345  0.027425
46.477493 0.012959 -1.191628  -0.037284
46.673187 0.009333 -1.128911  0.056310
46.868881 0.005382 -1.066194  -0.106611
47.064575 0.001260 -1.003476  0.555900
47.260277 -0.002877 -0.940759  1.367576
47.455971 -0.006870 -0.878042  1.189030
47.651665 -0.010569 -0.815324  1.298429
47.847359 -0.013835 -0.752607  1.217803
48.043053 -0.016550 -0.689890  1.282721
48.238747 -0.018613 -0.627173  1.227634
48.434441 -0.019951 -0.564455  1.276067
48.630135 -0.020521 -0.501738  1.232387
48.825829 -0.020305 -0.439021  1.272570
49.021523 -0.019319 -0.376304  1.235022
49.217224 -0.017607 -0.313586  1.270576
49.412918 -0.015238 -0.250869  1.236531
49.608612 -0.012309 -0.188152  1.269461
49.804306 -0.008935 -0.125435  1.237323
50.000000 -0.005247 -0.062717  1.268956
